0.000000, 0.000000
0.098076, 0.291358
-0.127160, -0.715126
-0.924472, -0.387697
0.546784, -1.303815
4.866933, -1.020207
7.322776, -6.656674
14.117596, 13.750732
29.673070, -3.770382

0.000000, -0.000000
-0.095449, 0.297781
-0.011098, -0.726770
-0.882911, -0.478147
0.623805, -1.263092
4.875216, -0.975154
7.342745, -6.632678
14.101481, 13.766072
29.675258, -3.752130

0.000001, -0.000000
-0.260227, 0.210148
0.105254, -0.719528
-0.832634, -0.563879
0.698596, -1.217852
4.883101, -0.930022
7.362639, -6.608612
14.085348, 13.781395
29.677435, -3.733875

0.000002, -0.000001
-0.358384, 0.066324
0.218875, -0.693613
-0.774175, -0.644070
0.770863, -1.168214
4.890590, -0.884814
7.382456, -6.584479
14.069197, 13.796700
29.679600, -3.715619

0.000003, -0.000001
-0.383820, -0.092411
0.326820, -0.649709
-0.708142, -0.717961
0.840321, -1.114318
4.897679, -0.839534
7.402197, -6.560277
14.053027, 13.811987
29.681755, -3.697362

0.000005, -0.000002
-0.347180, -0.237118
0.426288, -0.588951
-0.635207, -0.784856
0.906688, -1.056323
4.904370, -0.794186
7.421861, -6.536007
14.036838, 13.827255
29.683898, -3.679104

0.000007, -0.000003
-0.263791, -0.350518
0.514685, -0.512900
-0.556106, -0.844134
0.969696, -0.994415
4.910661, -0.748774
7.441449, -6.511669
14.020631, 13.842506
29.686031, -3.660844

0.000009, -0.000004
-0.149088, -0.422744
0.589695, -0.423509
-0.471625, -0.895246
1.029087, -0.928798
4.916551, -0.703300
7.460959, -6.487264
14.004406, 13.857738
29.688152, -3.642583

0.000012, -0.000005
-0.017820, -0.448257
0.649327, -0.323074
-0.382593, -0.937723
1.084616, -0.859695
4.922040, -0.657769
7.480392, -6.462791
13.988163, 13.872952
29.690262, -3.624320

0.000016, -0.000006
0.115344, -0.424318
0.691973, -0.214191
-0.289881, -0.971181
1.136057, -0.787351
4.927127, -0.612184
7.499748, -6.438251
13.971901, 13.888148
29.692361, -3.606056

0.000020, -0.000007
0.234764, -0.350755
0.716452, -0.099686
-0.194386, -0.995318
1.183197, -0.712026
4.931812, -0.566549
7.519025, -6.413645
13.955621, 13.903326
29.694449, -3.587791

0.000024, -0.000009
0.322724, -0.231061
0.722042, 0.017445
-0.097027, -1.009919
1.225847, -0.633999
4.936093, -0.520868
7.538225, -6.388971
13.939323, 13.918486
29.696525, -3.569524

0.000029, -0.000010
0.358974, -0.075400
0.708508, 0.134111
0.001260, -1.014857
1.263836, -0.553560
4.939971, -0.475145
7.557347, -6.364231
13.923006, 13.933627
29.698591, -3.551256

0.000034, -0.000012
0.323173, 0.093978
0.676120, 0.247205
0.099537, -1.010092
1.297015, -0.471015
4.943444, -0.429383
7.576390, -6.339425
13.906671, 13.948750
29.700645, -3.532987

0.000040, -0.000013
0.205152, 0.237516
0.625650, 0.353684
0.196863, -0.995675
1.325261, -0.386678
4.946513, -0.383585
7.595355, -6.314554
13.890318, 13.963855
29.702689, -3.514716

0.000046, -0.000015
0.024344, 0.306163
0.558365, 0.450653
0.292308, -0.971740
1.348472, -0.300872
4.949177, -0.337756
7.614240, -6.289616
13.873947, 13.978941
29.704721, -3.496444

0.000052, -0.000017
-0.164794, 0.273674
0.476002, 0.535448
0.384958, -0.938513
1.366572, -0.213925
4.951436, -0.291900
7.633047, -6.264613
13.857557, 13.994010
29.706742, -3.478171

0.000059, -0.000019
-0.306556, 0.159211
0.380727, 0.605712
0.473924, -0.896301
1.379512, -0.126170
4.953289, -0.246020
7.651774, -6.239544
13.841150, 14.009059
29.708752, -3.459897

0.000067, -0.000020
-0.376283, 0.005368
0.275082, 0.659470
0.558346, -0.845494
1.387264, -0.037940
4.954736, -0.200120
7.670421, -6.214411
13.824724, 14.024091
29.710751, -3.441621

0.000075, -0.000022
-0.376244, -0.150684
0.161919, 0.695192
0.637404, -0.786564
1.389828, 0.050432
4.955776, -0.154203
7.688989, -6.189213
13.808280, 14.039104
29.712739, -3.423344

0.000083, -0.000024
-0.319824, -0.284947
0.044317, 0.711843
0.710324, -0.720059
1.387227, 0.138617
4.956410, -0.108274
7.707476, -6.163950
13.791818, 14.054098
29.714715, -3.405065

0.000092, -0.000026
-0.222649, -0.383452
-0.074499, 0.708920
0.776385, -0.646600
1.379509, 0.226290
4.956637, -0.062336
7.725884, -6.138623
13.775338, 14.069075
29.716681, -3.386786

0.000101, -0.000027
-0.099874, -0.438264
-0.191259, 0.686473
0.834923, -0.566875
1.366744, 0.313136
4.956457, -0.016392
7.744210, -6.113231
13.758840, 14.084032
29.718635, -3.368505

0.000111, -0.000029
0.033888, -0.445023
-0.302745, 0.645106
0.885343, -0.481639
1.349022, 0.398846
4.955871, 0.029552
7.762457, -6.087776
13.742324, 14.098971
29.720578, -3.350222

0.000121, -0.000031
0.163732, -0.401933
-0.405885, 0.585958
0.927121, -0.391701
1.326456, 0.483124
4.954877, 0.075494
7.780622, -6.062258
13.725790, 14.113892
29.722510, -3.331939

0.000132, -0.000033
0.273342, -0.310009
-0.497845, 0.510675
0.959811, -0.297924
1.299177, 0.565685
4.953475, 0.121430
7.798706, -6.036675
13.709238, 14.128794
29.724431, -3.313654

0.000143, -0.000035
0.344003, -0.174819
-0.576117, 0.421352
0.983050, -0.201214
1.267333, 0.646258
4.951667, 0.167355
7.816708, -6.011030
13.692668, 14.143678
29.726341, -3.295368

0.000154, -0.000036
0.354848, -0.010396
-0.638587, 0.320473
0.996565, -0.102514
1.231088, 0.724588
4.949452, 0.213267
7.834629, -5.985322
13.676079, 14.158543
29.728240, -3.277081

0.000166, -0.000038
0.287606, 0.154705
-0.683599, 0.210831
1.000174, -0.002796
1.190621, 0.800432
4.946829, 0.259161
7.852469, -5.959551
13.659473, 14.173389
29.730127, -3.258793

0.000178, -0.000040
0.141044, 0.275005
-0.709990, 0.095445
0.993792, 0.096949
1.146124, 0.873565
4.943800, 0.305034
7.870226, -5.933718
13.642849, 14.188217
29.732004, -3.240503

0.000191, -0.000041
-0.050513, 0.305544
-0.717123, -0.022533
0.977433, 0.195719
1.097798, 0.943780
4.940363, 0.350882
7.887900, -5.907823
13.626207, 14.203026
29.733869, -3.222212

0.000204, -0.000043
-0.226685, 0.237283
-0.704893, -0.139906
0.951212, 0.292512
1.045854, 1.010885
4.936521, 0.396701
7.905493, -5.881866
13.609548, 14.217817
29.735723, -3.203920

0.000217, -0.000045
-0.341917, 0.102584
-0.673723, -0.253525
0.915346, 0.386337
0.990514, 1.074706
4.932271, 0.442487
7.923002, -5.855847
13.592870, 14.232589
29.737566, -3.185627

0.000231, -0.000046
-0.383738, -0.055764
-0.624538, -0.360372
0.870152, 0.476223
0.932001, 1.135084
4.927616, 0.488236
7.940429, -5.829767
13.576174, 14.247342
29.739398, -3.167332

0.000245, -0.000048
-0.360278, -0.205656
-0.558734, -0.457637
0.816050, 0.561230
0.870548, 1.191880
4.922554, 0.533945
7.957773, -5.803625
13.559461, 14.262076
29.741219, -3.149037

0.000259, -0.000049
-0.286398, -0.327468
-0.478133, -0.542792
0.753554, 0.640461
0.806388, 1.244969
4.917087, 0.579611
7.975033, -5.777423
13.542730, 14.276792
29.743029, -3.130740

0.000274, -0.000051
-0.177661, -0.409939
-0.384925, -0.613647
0.683274, 0.713072
0.739758, 1.294244
4.911215, 0.625228
7.992209, -5.751160
13.525981, 14.291489
29.744827, -3.112442

0.000290, -0.000053
-0.048952, -0.446708
-0.281607, -0.668402
0.605908, 0.778283
0.670896, 1.339612
4.904939, 0.670794
8.009302, -5.724837
13.509214, 14.306167
29.746614, -3.094143

0.000305, -0.000054
0.085128, -0.434449
-0.170916, -0.705683
0.522234, 0.835385
0.600040, 1.380996
4.898258, 0.716304
8.026311, -5.698453
13.492430, 14.320826
29.748390, -3.075842

0.000322, -0.000056
0.209268, -0.372341
-0.055761, -0.724571
0.433106, 0.883755
0.527428, 1.418336
4.891173, 0.761756
8.043235, -5.672009
13.475627, 14.335466
29.750156, -3.057541

0.000338, -0.000057
0.306322, -0.262838
0.060855, -0.724619
0.339442, 0.922859
0.453294, 1.451583
4.883685, 0.807144
8.060075, -5.645506
13.458807, 14.350088
29.751909, -3.039238

0.000355, -0.000059
0.356582, -0.114145
0.175900, -0.705855
0.242214, 0.952262
0.377873, 1.480702
4.875794, 0.852466
8.076831, -5.618944
13.441970, 14.364690
29.753652, -3.020934

0.000373, -0.000060
0.339193, 0.054897
0.286392, -0.668784
0.142440, 0.971636
0.301393, 1.505673
4.867501, 0.897717
8.093501, -5.592322
13.425114, 14.379274
29.755384, -3.002630

0.000391, -0.000061
0.240085, 0.208882
0.389467, -0.614369
0.041168, 0.980758
0.224083, 1.526485
4.858807, 0.942895
8.110086, -5.565641
13.408242, 14.393839
29.757104, -2.984324

0.000409, -0.000063
0.070096, 0.298883
0.482443, -0.544011
-0.060534, 0.979522
0.146163, 1.543142
4.849712, 0.987994
8.126587, -5.538902
13.391351, 14.408385
29.758813, -2.966016

0.000428, -0.000064
-0.122802, 0.289920
0.562890, -0.459514
-0.161592, 0.967934
0.067852, 1.555656
4.840217, 1.033012
8.143001, -5.512104
13.374443, 14.422912
29.760512, -2.947708

0.000447, -0.000065
-0.279137, 0.191060
0.628685, -0.363050
-0.260937, 0.946117
-0.010638, 1.564051
4.830322, 1.077945
8.159330, -5.485248
13.357517, 14.437420
29.762199, -2.929399

0.000467, -0.000066
-0.366196, 0.042626
0.678067, -0.257104
-0.357521, 0.914306
-0.089098, 1.568358
4.820029, 1.122789
8.175573, -5.458334
13.340573, 14.451908
29.763875, -2.911088

0.000487, -0.000067
-0.381457, -0.115521
0.709685, -0.144421
-0.450328, 0.872847
-0.167328, 1.568621
4.809339, 1.167540
8.191730, -5.431363
13.323613, 14.466378
29.765539, -2.892777

0.000507, -0.000068
-0.336812, -0.256421
0.722636, -0.027941
-0.538385, 0.822191
-0.245131, 1.564890
4.798251, 1.212195
8.207800, -5.404334
13.306634, 14.480829
29.767193, -2.874464

0.000528, -0.000069
-0.247766, -0.364164
0.716495, 0.089274
-0.620775, 0.762889
-0.322315, 1.557223
4.786768, 1.256749
8.223784, -5.377248
13.289638, 14.495261
29.768835, -2.856151

0.000549, -0.000070
-0.129645, -0.429684
0.691335, 0.204113
-0.696649, 0.695584
-0.398698, 1.545684
4.774890, 1.301200
8.239681, -5.350106
13.272624, 14.509673
29.770466, -2.837836

0.000571, -0.000070
0.002867, -0.447924
0.647736, 0.313499
-0.765232, 0.621004
-0.474099, 1.530348
4.762617, 1.345543
8.255491, -5.322906
13.255594, 14.524067
29.772087, -2.819520

0.000593, -0.000071
0.135029, -0.416514
0.586776, 0.414470
-0.825833, 0.539950
-0.548347, 1.511291
4.749952, 1.389775
8.271214, -5.295651
13.238545, 14.538441
29.773696, -2.801203

0.000616, -0.000071
0.250957, -0.335719
0.510015, 0.504263
-0.877853, 0.453288
-0.621274, 1.488600
4.736895, 1.433893
8.286849, -5.268339
13.221479, 14.552796
29.775293, -2.782885

0.000639, -0.000071
0.332552, -0.209783
0.419457, 0.580393
-0.920787, 0.361937
-0.692721, 1.462364
4.723447, 1.477892
8.302397, -5.240972
13.204396, 14.567132
29.776880, -2.764566

0.000662, -0.000071
0.359272, -0.050274
0.317508, 0.640731
-0.954233, 0.266857
-0.762532, 1.432680
4.709610, 1.521769
8.317857, -5.213549
13.187295, 14.581449
29.778455, -2.746246

0.000686, -0.000071
0.311371, 0.118196
0.206907, 0.683567
-0.977891, 0.169041
-0.830559, 1.399646
4.695384, 1.565521
8.333229, -5.186070
13.170177, 14.595747
29.780020, -2.727925

0.000711, -0.000071
0.181779, 0.253570
0.090658, 0.707670
-0.991566, 0.069498
-0.896660, 1.363368
4.680770, 1.609143
8.348513, -5.158537
13.153042, 14.610025
29.781573, -2.709603

0.000735, -0.000071
-0.004289, 0.307709
-0.028061, 0.712328
-0.995167, -0.030751
-0.960698, 1.323955
4.665771, 1.652633
8.363708, -5.130949
13.135889, 14.624284
29.783115, -2.691280

0.000760, -0.000070
-0.189296, 0.260764
-0.145985, 0.697378
-0.988708, -0.130692
-1.022541, 1.281521
4.650387, 1.695986
8.378815, -5.103307
13.118719, 14.638524
29.784646, -2.672956

0.000785, -0.000069
-0.321000, 0.137617
-0.259866, 0.663208
-0.972304, -0.229320
-1.082064, 1.236181
4.634619, 1.739199
8.393833, -5.075610
13.101532, 14.652744
29.786166, -2.654631

0.000811, -0.000068
-0.379710, -0.018592
-0.366561, 0.610757
-0.946169, -0.325657
-1.139148, 1.188056
4.618469, 1.782269
8.408762, -5.047860
13.084327, 14.666945
29.787674, -2.636305

0.000837, -0.000067
-0.370262, -0.172611
-0.463137, 0.541478
-0.910611, -0.418754
-1.193678, 1.137270
4.601938, 1.825192
8.423602, -5.020055
13.067105, 14.681127
29.789171, -2.617978

0.000863, -0.000066
-0.306742, -0.302228
-0.546949, 0.457302
-0.866027, -0.507707
-1.245546, 1.083949
4.585028, 1.867964
8.438352, -4.992198
13.049866, 14.695289
29.790658, -2.599650

0.000890, -0.000064
-0.204782, -0.394598
-0.615724, 0.360569
-0.812898, -0.591656
-1.294649, 1.028224
4.567740, 1.910582
8.453013, -4.964287
13.032609, 14.709432
29.792133, -2.581321

0.000917, -0.000063
-0.079425, -0.442435
-0.667623, 0.253964
-0.751785, -0.669802
-1.340890, 0.970226
4.550076, 1.953043
8.467584, -4.936323
13.015336, 14.723556
29.793597, -2.562991

0.000944, -0.000061
0.054736, -0.441797
-0.701288, 0.140430
-0.683317, -0.741405
-1.384175, 0.910092
4.532037, 1.995342
8.482065, -4.908307
12.998045, 14.737660
29.795049, -2.544660

0.000972, -0.000059
0.182661, -0.391261
-0.715878, 0.023076
-0.608189, -0.805794
-1.424417, 0.847959
4.513624, 2.037477
8.496455, -4.880239
12.980737, 14.751745
29.796491, -2.526328

0.001000, -0.000057
0.287725, -0.292365
-0.711082, -0.094905
-0.527155, -0.862371
-1.461536, 0.783967
4.494840, 2.079445
8.510756, -4.852118
12.963412, 14.765810
29.797921, -2.507995

0.001028, -0.000055
0.350816, -0.151631
-0.687121, -0.210337
-0.441016, -0.910615
-1.495454, 0.718260
4.475686, 2.121241
8.524965, -4.823946
12.946070, 14.779855
29.799341, -2.489661

0.001056, -0.000053
0.350977, 0.015149
-0.644730, -0.320139
-0.350617, -0.950085
-1.526101, 0.650982
4.456163, 2.162862
8.539084, -4.795722
12.928711, 14.793881
29.800749, -2.471326

0.001085, -0.000051
0.271278, 0.176780
-0.585128, -0.421414
-0.256837, -0.980423
-1.553410, 0.582282
4.436273, 2.204305
8.553112, -4.767447
12.911335, 14.807888
29.802146, -2.452991

0.001114, -0.000049
0.114847, 0.286043
-0.509979, -0.511517
-0.160582, -1.001358
-1.577321, 0.512309
4.416018, 2.245567
8.567049, -4.739122
12.893941, 14.821875
29.803531, -2.434654

0.001144, -0.000046
-0.078356, 0.301172
-0.421338, -0.588121
-0.062779, -1.012704
-1.597778, 0.441215
4.395401, 2.286644
8.580894, -4.710745
12.876531, 14.835842
29.804906, -2.416317

0.001174, -0.000044
-0.247479, 0.220274
-0.321590, -0.649270
0.035636, -1.014364
-1.614732, 0.369154
4.374421, 2.327532
8.594648, -4.682318
12.859104, 14.849790
29.806269, -2.397978

0.001204, -0.000041
-0.351805, 0.079470
-0.213390, -0.693422
0.133722, -1.006327
-1.628138, 0.296283
4.353082, 2.368229
8.608310, -4.653841
12.841659, 14.863718
29.807621, -2.379639

0.001235, -0.000038
-0.383053, -0.079309
-0.099588, -0.719480
0.230542, -0.988674
-1.637956, 0.222760
4.331385, 2.408732
8.621880, -4.625315
12.824198, 14.877627
29.808963, -2.361299

0.001266, -0.000035
-0.351041, -0.225990
0.016839, -0.726813
0.325170, -0.961570
-1.644154, 0.148744
4.309333, 2.449036
8.635357, -4.596739
12.806720, 14.891515
29.810292, -2.342958

0.001297, -0.000032
-0.270960, -0.342479
0.132864, -0.715266
0.416699, -0.925267
-1.646703, 0.074399
4.286926, 2.489139
8.648743, -4.568113
12.789224, 14.905385
29.811611, -2.324616

0.001329, -0.000029
-0.158291, -0.418429
0.245475, -0.685163
0.504249, -0.880102
-1.645582, -0.000111
4.264167, 2.529038
8.662036, -4.539439
12.771712, 14.919234
29.812919, -2.306273

0.001361, -0.000026
-0.027830, -0.448014
0.351755, -0.637290
0.586974, -0.826492
-1.640774, -0.074621
4.241058, 2.568729
8.675236, -4.510716
12.754183, 14.933064
29.814215, -2.287929

0.001393, -0.000022
0.105785, -0.428285
0.448945, -0.572884
0.664068, -0.764936
-1.632270, -0.148963
4.217601, 2.608209
8.688344, -4.481944
12.736637, 14.946873
29.815500, -2.269584

0.001426, -0.000019
0.227043, -0.358828
0.534510, -0.493599
0.734773, -0.696006
-1.620065, -0.222967
4.193799, 2.647475
8.701358, -4.453125
12.719075, 14.960664
29.816774, -2.251239

0.001459, -0.000015
0.318435, -0.242745
0.606201, -0.401469
0.798388, -0.620346
-1.604162, -0.296463
4.169652, 2.686524
8.714279, -4.424257
12.701495, 14.974434
29.818037, -2.232893

0.001493, -0.000012
0.359895, -0.089460
0.662113, -0.298866
0.854272, -0.538669
-1.584571, -0.369277
4.145164, 2.725352
8.727107, -4.395342
12.683899, 14.988184
29.819289, -2.214546

0.001527, -0.000008
0.330840, 0.080045
0.700731, -0.188441
0.901852, -0.451747
-1.561308, -0.441236
4.120335, 2.763957
8.739841, -4.366380
12.666286, 15.001915
29.820529, -2.196198

0.001562, -0.000004
0.219565, 0.227682
0.720977, -0.073067
0.940630, -0.360408
-1.534396, -0.512165
4.095170, 2.802335
8.752481, -4.337371
12.648656, 15.015626
29.821759, -2.177849

0.001597, 0.000001
0.042333, 0.304236
0.722237, 0.044234
0.970187, -0.265531
-1.503865, -0.581887
4.069669, 2.840484
8.765027, -4.308315
12.631009, 15.029316
29.822977, -2.159500

0.001632, 0.000005
-0.148519, 0.280122
0.704393, 0.160359
0.990191, -0.168035
-1.469755, -0.650225
4.043835, 2.878401
8.777479, -4.279213
12.613346, 15.042987
29.824184, -2.141149

0.001668, 0.000010
-0.295679, 0.171006
0.667828, 0.272210
1.000399, -0.068874
-1.432110, -0.717000
4.017671, 2.916081
8.789837, -4.250065
12.595666, 15.056638
29.825380, -2.122798

0.001704, 0.000015
-0.371616, 0.018877
0.613428, 0.376771
1.000661, 0.030972
-1.390985, -0.782035
3.991178, 2.953523
8.802100, -4.220871
12.577969, 15.070270
29.826564, -2.104446

0.001741, 0.000020
-0.376982, -0.138077
0.542572, 0.471193
0.990924, 0.130508
-1.346443, -0.845150
3.964358, 2.990724
8.814268, -4.191631
12.560256, 15.083881
29.827738, -2.086093

0.001778, 0.000026
-0.324686, -0.274814
0.457096, 0.552875
0.971238, 0.228731
-1.298556, -0.906168
3.937215, 3.027680
8.826342, -4.162346
12.542526, 15.097472
29.828900, -2.067740

0.001815, 0.000031
-0.230324, -0.376694
0.359257, 0.619542
0.941751, 0.324642
-1.247402, -0.964910
3.909751, 3.064389
8.838320, -4.133017
12.524779, 15.111043
29.830051, -2.049385

0.001853, 0.000037
-0.109113, -0.435390
0.251674, 0.669316
0.902714, 0.417253
-1.193074, -1.021198
3.881967, 3.100848
8.850203, -4.103643
12.507016, 15.124594
29.831191, -2.031030

0.001891, 0.000044
0.024315, -0.446296
0.137257, 0.700775
0.854479, 0.505604
-1.135669, -1.074856
3.853867, 3.137053
8.861991, -4.074224
12.489236, 15.138125
29.832320, -2.012674

0.001930, 0.000050
0.155122, -0.407408
0.019127, 0.713002
0.797498, 0.588769
-1.075297, -1.125711
3.825452, 3.173003
8.873683, -4.044761
12.471440, 15.151636
29.833437, -1.994318

0.001969, 0.000057
0.267153, -0.319460
-0.099475, 0.705620
0.732319, 0.665865
-1.012078, -1.173590
3.796726, 3.208694
8.885279, -4.015255
12.453627, 15.165127
29.834543, -1.975960

0.002008, 0.000064
0.341914, -0.187519
-0.215281, 0.678804
0.659581, 0.736070
-0.946143, -1.218323
3.767691, 3.244123
8.896780, -3.985705
12.435798, 15.178597
29.835639, -1.957602

0.002047, 0.000072
0.358634, -0.024690
-0.325099, 0.633281
0.580011, 0.798626
-0.877631, -1.259746
3.738349, 3.279288
8.908184, -3.956112
12.417952, 15.192048
29.836723, -1.939244

0.002087, 0.000080
0.298425, 0.141921
-0.425901, 0.570310
0.494413, 0.852853
-0.806696, -1.297696
3.708703, 3.314186
8.919492, -3.926476
12.400089, 15.205478
29.837795, -1.920884

0.002127, 0.000088
0.157810, 0.267981
-0.514923, 0.491643
0.403664, 0.898156
-0.733499, -1.332017
3.678755, 3.348815
8.930703, -3.896798
12.382211, 15.218889
29.838857, -1.902524

0.002168, 0.000096
-0.032147, 0.307128
-0.589740, 0.399469
0.308702, 0.934035
-0.658215, -1.362558
3.648509, 3.383171
8.941818, -3.867077
12.364316, 15.232279
29.839907, -1.884163

0.002209, 0.000105
-0.211797, 0.246354
-0.648336, 0.296350
0.210517, 0.960090
-0.581030, -1.389175
3.617966, 3.417253
8.952836, -3.837315
12.346404, 15.245648
29.840947, -1.865801

0.002250, 0.000114
-0.333030, 0.115547
-0.689164, 0.185137
0.110137, 0.976026
-0.502141, -1.411731
3.587129, 3.451057
8.963757, -3.807510
12.328476, 15.258998
29.841975, -1.847439

0.002291, 0.000123
-0.380866, -0.042228
-0.711178, 0.068888
0.008618, 0.981663
-0.421756, -1.430098
3.556002, 3.484580
8.974581, -3.777665
12.310532, 15.272327
29.842992, -1.829076

0.002333, 0.000133
-0.362341, -0.193723
-0.713863, -0.049226
-0.092966, 0.976930
-0.340094, -1.444158
3.524587, 3.517821
8.985308, -3.747778
12.292571, 15.285636
29.843997, -1.810712

0.002374, 0.000143
-0.292078, -0.318410
-0.697233, -0.166011
-0.193543, 0.961874
-0.257386, -1.453802
3.492885, 3.550777
8.995937, -3.717851
12.274594, 15.298925
29.844992, -1.792347

0.002416, 0.000153
-0.185671, -0.404482
-0.661828, -0.278340
-0.292050, 0.936656
-0.173872, -1.458934
3.460902, 3.583445
9.006469, -3.687883
12.256601, 15.312194
29.845975, -1.773982

0.002459, 0.000164
-0.058058, -0.445255
-0.608685, -0.383235
-0.387447, 0.901548
-0.089803, -1.459471
3.428638, 3.615823
9.016902, -3.657875
12.238591, 15.325442
29.846947, -1.755616

0.002501, 0.000174
0.076169, -0.437184
-0.539300, -0.477944
-0.478731, 0.856934
-0.005441, -1.455343
3.396097, 3.647909
9.027238, -3.627828
12.220565, 15.338669
29.847908, -1.737250

0.002544, 0.000185
0.201804, -0.379227
-0.455585, -0.560010
-0.564948, 0.803299
0.078948, -1.446496
3.363281, 3.679699
9.037475, -3.597740
12.202523, 15.351877
29.848858, -1.718883

0.002587, 0.000197
0.301895, -0.273492
-0.359807, -0.627327
-0.645203, 0.741226
0.163084, -1.432892
3.330194, 3.711192
9.047615, -3.567614
12.184465, 15.365064
29.849796, -1.700515

0.002630, 0.000208
0.356940, -0.127547
-0.254523, -0.678190
-0.718671, 0.671389
0.246685, -1.414511
3.296839, 3.742386
9.057655, -3.537449
12.166391, 15.378230
29.850724, -1.682147

0.002674, 0.000220
0.346006, 0.040906
-0.142517, -0.711326
-0.784604, 0.594541
0.329461, -1.391349
3.263217, 3.773277
9.067598, -3.507245
12.148300, 15.391376
29.851640, -1.663778

0.002718, 0.000232
0.253877, 0.197979
-0.026727, -0.725922
-0.842342, 0.511505
0.411117, -1.363425
3.229333, 3.803864
9.077441, -3.477002
12.130193, 15.404502
29.852545, -1.645408

0.002762, 0.000244
0.088501, 0.295196
0.089829, -0.721640
-0.891318, 0.423168
0.491358, -1.330774
3.195188, 3.834145
9.087185, -3.446722
12.112070, 15.417607
29.853439, -1.627038

0.002806, 0.000257
-0.104892, 0.294891
0.204126, -0.698619
-0.931060, 0.330463
0.569885, -1.293456
3.160787, 3.864117
9.096831, -3.416404
12.093932, 15.430691
29.854321, -1.608667

0.002850, 0.000269
-0.266041, 0.202252
0.313202, -0.657469
-0.961203, 0.234363
0.646401, -1.251548
3.126131, 3.893778
9.106377, -3.386049
12.075776, 15.443755
29.855193, -1.590295

0.002895, 0.000282
-0.359321, 0.056320
0.414227, -0.599257
-0.981479, 0.135866
0.720609, -1.205153
3.091225, 3.923125
9.115823, -3.355657
12.057605, 15.456799
29.856053, -1.571923

0.002940, 0.000296
-0.380247, -0.102214
0.504572, -0.525480
-0.991732, 0.035988
0.792218, -1.154394
3.056070, 3.952158
9.125171, -3.325228
12.039418, 15.469822
29.856902, -1.553550

0.002985, 0.000309
-0.340039, -0.245286
0.581872, -0.438030
-0.991904, -0.064252
0.860944, -1.099417
3.020670, 3.980873
9.134418, -3.294763
12.021215, 15.482824
29.857740, -1.535177

0.003031, 0.000323
-0.254110, -0.356227
0.644083, -0.339157
-0.982046, -0.163841
0.926509, -1.040388
2.985028, 4.009269
9.143565, -3.264261
12.002996, 15.495806
29.858566, -1.516803

0.003077, 0.000337
-0.137845, -0.425528
0.689535, -0.231409
-0.962305, -0.261785
0.988646, -0.977497
2.949147, 4.037343
9.152613, -3.233724
11.984761, 15.508767
29.859382, -1.498429

0.003123, 0.000352
-0.005961, -0.447863
0.716976, -0.117583
-0.932927, -0.357113
1.047102, -0.910953
2.913030, 4.065094
9.161560, -3.203151
11.966510, 15.521708
29.860186, -1.480054

0.003169, 0.000366
0.126844, -0.420654
0.725610, -0.000651
-0.894251, -0.448891
1.101637, -0.840986
2.876680, 4.092520
9.170407, -3.172543
11.948243, 15.534627
29.860979, -1.461678

0.003216, 0.000381
0.244829, -0.343912
0.715127, 0.116305
-0.846704, -0.536228
1.152026, -0.767844
2.840100, 4.119618
9.179153, -3.141901
11.929960, 15.547527
29.861761, -1.443302

0.003263, 0.000396
0.330108, -0.221450
0.685714, 0.230177
-0.790793, -0.618286
1.198065, -0.691793
2.803293, 4.146387
9.187799, -3.111223
11.911661, 15.560405
29.862532, -1.424926

0.003310, 0.000412
0.362296, -0.064025
0.638067, 0.337907
-0.727103, -0.694283
1.239568, -0.613113
2.766263, 4.172825
9.196344, -3.080512
11.893347, 15.573263
29.863291, -1.406548

0.003357, 0.000428
0.321276, 0.105093
0.573375, 0.436571
-0.656287, -0.763504
1.276370, -0.532100
2.729013, 4.198929
9.204788, -3.049767
11.875016, 15.586100
29.864039, -1.388171

0.003405, 0.000444
0.198173, 0.245231
0.493303, 0.523465
-0.579060, -0.825301
1.308329, -0.449061
2.691545, 4.224700
9.213131, -3.018988
11.856670, 15.598916
29.864776, -1.369793

0.003453, 0.000460
0.014932, 0.307626
0.399952, 0.596178
-0.496191, -0.879101
1.335327, -0.364312
2.653863, 4.250133
9.221373, -2.988175
11.838308, 15.611711
29.865502, -1.351414

0.003501, 0.000477
-0.172523, 0.268769
0.295808, 0.652672
-0.408499, -0.924411
1.357269, -0.278178
2.615970, 4.275228
9.229514, -2.957330
11.819930, 15.624486
29.866217, -1.333035

0.003550, 0.000494
-0.309912, 0.150407
0.183678, 0.691343
-0.316841, -0.960817
1.374086, -0.190989
2.577869, 4.299984
9.237553, -2.926453
11.801537, 15.637239
29.866920, -1.314655

0.003599, 0.000512
-0.374780, -0.004545
0.066612, 0.711073
-0.222104, -0.987991
1.385734, -0.103076
2.539564, 4.324397
9.245490, -2.895543
11.783127, 15.649972
29.867612, -1.296275

0.003647, 0.000530
-0.370562, -0.159747
-0.052185, 0.711276
-0.125204, -1.005689
1.392193, -0.014774
2.501057, 4.348468
9.253325, -2.864601
11.764702, 15.662684
29.868294, -1.277894

0.003697, 0.000548
-0.310972, -0.291996
-0.169444, 0.691912
-0.027070, -1.013755
1.393469, 0.073586
2.462353, 4.372193
9.261059, -2.833628
11.746262, 15.675376
29.868963, -1.259513

0.003746, 0.000566
-0.211639, -0.387824
-0.281930, 0.653496
0.071359, -1.012121
1.389591, 0.161676
2.423453, 4.395572
9.268690, -2.802623
11.727805, 15.688046
29.869622, -1.241131

0.003795, 0.000585
-0.087669, -0.439587
-0.386544, 0.597086
0.169141, -1.000809
1.380612, 0.249173
2.384362, 4.418603
9.276219, -2.771587
11.709333, 15.700695
29.870269, -1.222749

0.003845, 0.000604
0.046340, -0.443107
-0.480409, 0.524250
0.265344, -0.979926
1.366607, 0.335765
2.345083, 4.441284
9.283646, -2.740520
11.690846, 15.713323
29.870906, -1.204366

0.003895, 0.000624
0.175427, -0.396749
-0.560958, 0.437014
0.359046, -0.949667
1.347673, 0.421145
2.305619, 4.463614
9.290971, -2.709424
11.672342, 15.725931
29.871531, -1.185983

0.003945, 0.000644
0.283142, -0.301749
-0.626013, 0.337807
0.449349, -0.910313
1.323928, 0.505020
2.265972, 4.485592
9.298192, -2.678297
11.653824, 15.738517
29.872145, -1.167600

0.003995, 0.000664
0.350595, -0.164078
-0.673839, 0.229377
0.535383, -0.862228
1.295505, 0.587109
2.226148, 4.507216
9.305311, -2.647141
11.635289, 15.751083
29.872747, -1.149216

0.004046, 0.000684
0.356864, 0.001480
-0.703194, 0.114712
0.616315, -0.805859
1.262559, 0.667145
2.186148, 4.528485
9.312327, -2.615955
11.616740, 15.763627
29.873339, -1.130831

0.004096, 0.000705
0.284216, 0.165225
-0.713356, -0.003049
0.691355, -0.741727
1.225256, 0.744876
2.145976, 4.549397
9.319240, -2.584740
11.598174, 15.776150
29.873919, -1.112447

0.004147, 0.000726
0.133268, 0.280859
-0.704135, -0.120711
0.759762, -0.670432
1.183779, 0.820064
2.105636, 4.569951
9.326050, -2.553496
11.579593, 15.788653
29.874488, -1.094061

0.004198, 0.000748
-0.059158, 0.304702
-0.675871, -0.235111
0.820855, -0.592639
1.138321, 0.892488
2.065131, 4.590146
9.332757, -2.522225
11.560997, 15.801134
29.875046, -1.075676

0.004249, 0.000769
-0.232340, 0.230839
-0.629411, -0.343202
0.874015, -0.509083
1.089088, 0.961944
2.024464, 4.609980
9.339360, -2.490925
11.542385, 15.813594
29.875592, -1.057290

0.004300, 0.000792
-0.342801, 0.093378
-0.566081, -0.442138
0.918695, -0.420556
1.036292, 1.028246
1.983638, 4.629453
9.345860, -2.459597
11.523758, 15.826033
29.876128, -1.038903

0.004352, 0.000814
-0.379948, -0.065215
-0.487637, -0.529342
0.954421, -0.327904
0.980156, 1.091223
1.942658, 4.648563
9.352255, -2.428242
11.505116, 15.838451
29.876652, -1.020516

0.004403, 0.000837
-0.352685, -0.213729
-0.396217, -0.602565
0.980804, -0.232019
0.920905, 1.150722
1.901525, 4.667309
9.358547, -2.396860
11.486458, 15.850847
29.877165, -1.002129

0.004455, 0.000860
-0.276031, -0.333223
-0.294274, -0.659942
0.997541, -0.133835
0.858773, 1.206606
1.860244, 4.685690
9.364736, -2.365452
11.467785, 15.863223
29.877667, -0.983742

0.004507, 0.000883
-0.165512, -0.412843
-0.184512, -0.700029
1.004420, -0.034314
0.793993, 1.258756
1.818818, 4.703705
9.370820, -2.334017
11.449096, 15.875577
29.878157, -0.965354

0.004559, 0.000906
-0.035971, -0.446467
-0.069819, -0.721835
1.001324, 0.065558
0.726804, 1.307067
1.777251, 4.721352
9.376799, -2.302556
11.430392, 15.887910
29.878637, -0.946965

0.004611, 0.000930
0.097978, -0.430930
0.046810, -0.724836
0.988234, 0.164782
0.657442, 1.351452
1.735545, 4.738632
9.382675, -2.271069
11.411673, 15.900222
29.879105, -0.928577

0.004664, 0.000954
0.220940, -0.365589
0.162344, -0.708988
0.965234, 0.262354
0.586146, 1.391837
1.693704, 4.755542
9.388446, -2.239557
11.392939, 15.912512
29.879562, -0.910187

0.004716, 0.000979
0.315612, -0.253170
0.273788, -0.674720
0.932505, 0.357278
0.513154, 1.428165
1.651732, 4.772082
9.394112, -2.208020
11.374189, 15.924782
29.880008, -0.891798

0.004769, 0.001003
0.362124, -0.102394
0.378253, -0.622926
0.890333, 0.448575
0.438699, 1.460391
1.609632, 4.788251
9.399674, -2.176458
11.355425, 15.937030
29.880442, -0.873408

0.004822, 0.001029
0.339716, 0.066981
0.473024, -0.554939
0.839105, 0.535294
0.363015, 1.488483
1.567407, 4.804048
9.405131, -2.144872
11.336645, 15.949256
29.880866, -0.855018

0.004876, 0.001054
0.235291, 0.218366
0.555628, -0.472504
0.779305, 0.616524
0.286331, 1.512424
1.525061, 4.819472
9.410483, -2.113262
11.317849, 15.961461
29.881278, -0.836628

0.004929, 0.001080
0.062019, 0.302621
0.623890, -0.377739
0.711512, 0.691401
0.208872, 1.532206
1.482597, 4.834523
9.415730, -2.081629
11.299039, 15.973645
29.881679, -0.818237

0.004983, 0.001106
-0.130129, 0.287028
0.675989, -0.273083
0.636396, 0.759122
0.130859, 1.547836
1.440019, 4.849199
9.420872, -2.049972
11.280214, 15.985808
29.882068, -0.799846

0.005037, 0.001132
-0.282512, 0.183595
0.710507, -0.161245
0.554710, 0.818956
0.052510, 1.559329
1.397330, 4.863500
9.425909, -2.018292
11.261373, 15.997949
29.882447, -0.781455

0.005091, 0.001159
-0.364686, 0.033467
0.726469, -0.045137
0.467285, 0.870251
-0.025965, 1.566710
1.354533, 4.877425
9.430840, -1.986589
11.242518, 16.010069
29.882814, -0.763063

0.005145, 0.001186
-0.375566, -0.124199
0.723374, 0.072192
0.375019, 0.912441
-0.104358, 1.570015
1.311632, 4.890974
9.435666, -1.954864
11.223647, 16.022167
29.883170, -0.744671

0.005200, 0.001214
-0.327517, -0.263296
0.701217, 0.187634
0.278869, 0.945061
-0.182471, 1.569287
1.268630, 4.904146
9.440386, -1.923117
11.204761, 16.034244
29.883515, -0.726279

0.005255, 0.001242
-0.236087, -0.368477
0.660497, 0.298102
0.179839, 0.967745
-0.260107, 1.564580
1.225530, 4.916940
9.445000, -1.891349
11.185861, 16.046299
29.883849, -0.707887

0.005309, 0.001271
-0.116555, -0.431009
0.602214, 0.400610
0.078967, 0.980238
-0.337078, 1.555953
1.182337, 4.929355
9.449509, -1.859559
11.166945, 16.058333
29.884171, -0.689494

0.005364, 0.001299
0.016422, -0.446032
0.527855, 0.492361
-0.022681, 0.982394
-0.413200, 1.543474
1.139054, 4.941392
9.453911, -1.827748
11.148015, 16.070346
29.884483, -0.671101

0.005419, 0.001329
0.148064, -0.411336
0.439358, 0.570821
-0.124033, 0.974184
-0.488297, 1.527216
1.095683, 4.953049
9.458208, -1.795917
11.129069, 16.082336
29.884783, -0.652708

0.005475, 0.001358
0.262371, -0.327384
0.339066, 0.633799
-0.224017, 0.955692
-0.562197, 1.507260
1.052229, 4.964326
9.462398, -1.764065
11.110109, 16.094306
29.885072, -0.634314

0.005530, 0.001388
0.341072, -0.198768
0.229672, 0.679516
-0.321576, 0.927118
-0.634735, 1.483692
1.008695, 4.975223
9.466482, -1.732194
11.091133, 16.106253
29.885349, -0.615921

0.005586, 0.001419
0.363514, -0.037711
0.114141, 0.706663
-0.415681, 0.888773
-0.705752, 1.456604
0.965083, 4.985740
9.470460, -1.700303
11.072143, 16.118179
29.885616, -0.597527

0.005641, 0.001450
0.310289, 0.130100
-0.004369, 0.714445
-0.505346, 0.841074
-0.775096, 1.426093
0.921399, 4.995875
9.474331, -1.668393
11.053138, 16.130084
29.885871, -0.579133

0.005697, 0.001481
0.175832, 0.261581
-0.122602, 0.702608
-0.589635, 0.784541
-0.842618, 1.392259
0.877644, 5.005628
9.478095, -1.636464
11.034118, 16.141967
29.886115, -0.560738

0.005753, 0.001513
-0.012085, 0.309253
-0.237301, 0.671456
-0.667675, 0.719789
-0.908179, 1.355210
0.833823, 5.015000
9.481753, -1.604517
11.015084, 16.153828
29.886348, -0.542344

0.005809, 0.001545
-0.194873, 0.256215
-0.345301, 0.621839
-0.738666, 0.647518
-0.971643, 1.315054
0.789939, 5.023990
9.485304, -1.572551
10.996034, 16.165668
29.886569, -0.523949

0.005864, 0.001578
-0.322025, 0.129631
-0.443628, 0.555133
-0.801889, 0.568507
-1.032879, 1.271907
0.745996, 5.032597
9.488748, -1.540568
10.976970, 16.177486
29.886779, -0.505554

0.005920, 0.001611
-0.375947, -0.027323
-0.529587, 0.473196
-0.856715, 0.483603
-1.091765, 1.225885
0.701996, 5.040821
9.492085, -1.508567
10.957892, 16.189282
29.886979, -0.487159

0.005976, 0.001645
-0.362476, -0.180267
-0.600843, 0.378309
-0.902609, 0.393707
-1.148183, 1.177110
0.657943, 5.048663
9.495316, -1.476549
10.938798, 16.201056
29.887167, -0.468763

0.006032, 0.001679
-0.295952, -0.307735
-0.655483, 0.273107
-0.939135, 0.299769
-1.202018, 1.125707
0.613840, 5.056122
9.498438, -1.444515
10.919690, 16.212809
29.887343, -0.450368

0.006088, 0.001713
-0.191992, -0.397347
-0.692071, 0.160495
-0.965959, 0.202770
-1.253165, 1.071802
0.569692, 5.063198
9.501454, -1.412464
10.900567, 16.224540
29.887509, -0.431972

0.006144, 0.001748
-0.065591, -0.442086
-0.709683, 0.043566
-0.982852, 0.103718
-1.301522, 1.015527
0.525501, 5.069890
9.504362, -1.380397
10.881429, 16.236249
29.887663, -0.413576

0.006200, 0.001783
0.068663, -0.438182
-0.707923, -0.074497
-0.989691, 0.003628
-1.346992, 0.957015
0.481271, 5.076200
9.507163, -1.348314
10.862277, 16.247936
29.887806, -0.395180

0.006256, 0.001818
0.195658, -0.384376
-0.686928, -0.190508
-0.986456, -0.096482
-1.389485, 0.896401
0.437005, 5.082126
9.509856, -1.316216
10.843111, 16.259602
29.887938, -0.376784

0.006311, 0.001854
0.298631, -0.282449
-0.647355, -0.301366
-0.973229, -0.195602
-1.428915, 0.833824
0.392706, 5.087668
9.512442, -1.284103
10.823929, 16.271246
29.888059, -0.358387

0.006367, 0.001890
0.358295, -0.139366
-0.590347, -0.404139
-0.950191, -0.292746
-1.465201, 0.769426
0.348378, 5.092828
9.514919, -1.251976
10.804734, 16.282868
29.888168, -0.339991

0.006423, 0.001927
0.353686, 0.028267
-0.517503, -0.496139
-0.917621, -0.386954
-1.498269, 0.703349
0.304025, 5.097604
9.517289, -1.219834
10.785523, 16.294468
29.888266, -0.321594

0.006479, 0.001963
0.268571, 0.188080
-0.430817, -0.574983
-0.875888, -0.477307
-1.528048, 0.635740
0.259649, 5.101997
9.519551, -1.187678
10.766299, 16.306046
29.888353, -0.303198

0.006535, 0.002001
0.108132, 0.292235
-0.332630, -0.638656
-0.825446, -0.562930
-1.554475, 0.566746
0.215254, 5.106006
9.521705, -1.155509
10.747059, 16.317602
29.888429, -0.284801

0.006591, 0.002038
-0.085313, 0.300650
-0.225555, -0.685546
-0.766830, -0.643003
-1.577489, 0.496519
0.170844, 5.109633
9.523751, -1.123326
10.727806, 16.329136
29.888494, -0.266404

0.006646, 0.002076
-0.251040, 0.214546
-0.112419, -0.714485
-0.700647, -0.716766
-1.597037, 0.425210
0.126421, 5.112878
9.525689, -1.091131
10.708538, 16.340648
29.888547, -0.248007

0.006702, 0.002114
-0.350537, 0.071421
0.003819, -0.724767
-0.627573, -0.783526
-1.613071, 0.352974
0.081989, 5.115739
9.527518, -1.058923
10.689255, 16.352139
29.888589, -0.229610

0.006758, 0.002152
-0.377232, -0.087295
0.120132, -0.716162
-0.548341, -0.842661
-1.625547, 0.279968
0.037552, 5.118219
9.529239, -1.026703
10.669958, 16.363607
29.888620, -0.211212

0.006814, 0.002190
-0.341585, -0.232414
0.233504, -0.688918
-0.463740, -0.893623
-1.634427, 0.206350
-0.006887, 5.120316
9.530852, -0.994471
10.650647, 16.375053
29.888640, -0.192815

0.006870, 0.002229
-0.258895, -0.346478
0.340997, -0.643750
-0.374600, -0.935946
-1.639680, 0.132282
-0.051326, 5.122031
9.532356, -0.962228
10.631322, 16.386478
29.888648, -0.174417

0.006926, 0.002269
-0.144602, -0.419512
0.439822, -0.581824
-0.281789, -0.969243
-1.641279, 0.057925
-0.095760, 5.123365
9.533751, -0.929974
10.611982, 16.397880
29.888645, -0.156020

0.006982, 0.002308
-0.013464, -0.445914
0.527405, -0.504730
-0.186208, -0.993216
-1.639203, -0.016555
-0.140187, 5.124318
9.535038, -0.897710
10.592628, 16.409260
29.888631, -0.137622

0.007038, 0.002348
0.119860, -0.422894
0.601448, -0.414447
-0.088774, -1.007650
-1.633438, -0.090993
-0.184602, 5.124891
9.536216, -0.865435
10.573260, 16.420618
29.888606, -0.119225

0.007094, 0.002388
0.239759, -0.350221
0.659988, -0.313294
0.009576, -1.012419
-1.623976, -0.165219
-0.229004, 5.125083
9.537285, -0.833150
10.553877, 16.431954
29.888570, -0.100827

0.007150, 0.002428
0.328561, -0.231297
0.701445, -0.203884
0.107902, -1.007485
-1.610814, -0.239065
-0.273387, 5.124895
9.538246, -0.800855
10.534480, 16.443268
29.888522, -0.082430

0.007206, 0.002469
0.366053, -0.076112
0.724670, -0.089057
0.205266, -0.992898
-1.593957, -0.312359
-0.317750, 5.124328
9.539097, -0.768551
10.515070, 16.454560
29.888463, -0.064032

0.007263, 0.002510
0.331829, 0.093369
0.728972, 0.028182
0.300736, -0.968795
-1.573416, -0.384928
-0.362089, 5.123382
9.539839, -0.736239
10.495644, 16.465830
29.888393, -0.045634

0.007319, 0.002551
0.215358, 0.237911
0.714155, 0.144738
0.393399, -0.935402
-1.549208, -0.456598
-0.406401, 5.122057
9.540472, -0.703917
10.476205, 16.477077
29.888312, -0.027236

0.007375, 0.002593
0.035359, 0.308399
0.680520, 0.257507
0.482365, -0.893027
-1.521358, -0.527193
-0.450682, 5.120355
9.540996, -0.671588
10.456752, 16.488303
29.888220, -0.008839

0.007432, 0.002635
-0.154156, 0.277824
0.628877, 0.363453
0.566775, -0.842062
-1.489900, -0.596537
-0.494929, 5.118275
9.541411, -0.639251
10.437285, 16.499506
29.888116, 0.009559

0.007488, 0.002677
-0.297102, 0.164584
0.560525, 0.459696
0.645810, -0.782980
-1.454873, -0.664452
-0.539139, 5.115819
9.541716, -0.606907
10.417803, 16.510686
29.888001, 0.027957

0.007545, 0.002720
-0.368184, 0.011156
0.477232, 0.543589
0.718696, -0.716330
-1.416324, -0.730760
-0.583309, 5.112986
9.541912, -0.574555
10.398308, 16.521845
29.887875, 0.046355

0.007602, 0.002763
-0.369319, -0.145064
0.381193, 0.612801
0.784711, -0.642733
-1.374312, -0.795283
-0.627436, 5.109778
9.541999, -0.542197
10.378798, 16.532981
29.887738, 0.064753

0.007658, 0.002807
-0.313787, -0.279847
0.274974, 0.665386
0.843194, -0.562881
-1.328899, -0.857842
-0.671516, 5.106196
9.541976, -0.509833
10.359275, 16.544095
29.887589, 0.083150

0.007715, 0.002851
-0.217205, -0.379077
0.161444, 0.699845
0.893550, -0.477527
-1.280160, -0.918258
-0.715546, 5.102239
9.541843, -0.477462
10.339737, 16.555187
29.887429, 0.101548

0.007771, 0.002895
-0.094739, -0.434731
0.043697, 0.715181
0.935256, -0.387482
-1.228177, -0.976354
-0.759523, 5.097910
9.541601, -0.445087
10.320186, 16.566257
29.887258, 0.119946

0.007828, 0.002940
0.038997, -0.442390
-0.075037, 0.710929
0.967867, -0.293609
-1.173043, -1.031952
-0.803445, 5.093208
9.541249, -0.412706
10.300621, 16.577304
29.887076, 0.138343

0.007885, 0.002985
0.169113, -0.400211
-0.191488, 0.687176
0.991021, -0.196817
-1.114859, -1.084877
-0.847306, 5.088134
9.540787, -0.380320
10.281042, 16.588328
29.886883, 0.156741

0.007941, 0.003030
0.279330, -0.309141
-0.302443, 0.644565
1.004446, -0.098047
-1.053738, -1.134954
-0.891106, 5.082689
9.540215, -0.347929
10.261449, 16.599331
29.886678, 0.175138

0.007998, 0.003076
0.350978, -0.174629
-0.404844, 0.584272
1.007963, 0.001727
-0.989801, -1.182013
-0.934840, 5.076874
9.539534, -0.315535
10.241842, 16.610311
29.886462, 0.193536

0.008055, 0.003122
0.363207, -0.010497
-0.495878, 0.507977
1.001487, 0.101514
-0.923181, -1.225884
-0.978505, 5.070690
9.538742, -0.283137
10.222221, 16.621268
29.886235, 0.211933

0.008111, 0.003169
0.297593, 0.155028
-0.573061, 0.417804
0.985034, 0.200312
-0.854022, -1.266403
-1.022099, 5.064138
9.537841, -0.250735
10.202587, 16.632204
29.885997, 0.230331

0.008168, 0.003216
0.152385, 0.276708
-0.634311, 0.316262
0.958720, 0.297120
-0.782479, -1.303410
-1.065618, 5.057218
9.536829, -0.218331
10.182939, 16.643116
29.885747, 0.248728

0.008224, 0.003263
-0.038816, 0.309237
-0.678002, 0.206163
0.922764, 0.390946
-0.708717, -1.336749
-1.109059, 5.049932
9.535708, -0.185924
10.163277, 16.654006
29.885487, 0.267125

0.008281, 0.003311
-0.215761, 0.242689
-0.703011, 0.090538
0.877485, 0.480820
-0.632913, -1.366270
-1.152419, 5.042281
9.534476, -0.153515
10.143601, 16.664874
29.885215, 0.285522

0.008337, 0.003359
-0.332314, 0.108894
-0.708737, -0.027453
0.823302, 0.565801
-0.555256, -1.391832
-1.195695, 5.034265
9.533134, -0.121104
10.123912, 16.675719
29.884931, 0.303919

0.008393, 0.003407
-0.375453, -0.049289
-0.695112, -0.144616
0.760734, 0.644995
-0.475946, -1.413299
-1.238884, 5.025885
9.531682, -0.088691
10.104209, 16.686542
29.884637, 0.322316

0.008449, 0.003456
-0.353068, -0.199501
-0.662595, -0.257805
0.690389, 0.717557
-0.395194, -1.430545
-1.281983, 5.017144
9.530119, -0.056278
10.084492, 16.697342
29.884331, 0.340713

0.008506, 0.003506
-0.279969, -0.321920
-0.612147, -0.364016
0.612968, 0.782708
-0.313222, -1.443455
-1.324989, 5.008041
9.528446, -0.023863
10.064762, 16.708120
29.884015, 0.359109

0.008562, 0.003555
-0.171721, -0.405164
-0.545196, -0.460457
0.529251, 0.839742
-0.230263, -1.451922
-1.367899, 4.998577
9.526663, 0.008552
10.045018, 16.718875
29.883687, 0.377506

0.008617, 0.003605
-0.043220, -0.442798
-0.463591, -0.544621
0.440091, 0.888035
-0.146560, -1.455855
-1.410710, 4.988755
9.524769, 0.040966
10.025261, 16.729608
29.883347, 0.395902

0.008673, 0.003655
0.090937, -0.431444
-0.369545, -0.614346
0.346407, 0.927057
-0.062367, -1.455172
-1.453419, 4.978574
9.522765, 0.073380
10.005490, 16.740317
29.882997, 0.414298

0.008729, 0.003706
0.215465, -0.370229
-0.265575, -0.667859
0.249174, 0.956372
0.022053, -1.449808
-1.496024, 4.968037
9.520650, 0.105794
9.985705, 16.751005
29.882635, 0.432694

0.008785, 0.003757
0.313260, -0.261524
-0.154434, -0.703817
0.149409, 0.975654
0.106428, -1.439712
-1.538520, 4.957144
9.518425, 0.138206
9.965907, 16.761669
29.882262, 0.451090

0.008840, 0.003808
0.364654, -0.113386
-0.039037, -0.721336
0.048160, 0.984683
0.190481, -1.424851
-1.580906, 4.945896
9.516089, 0.170617
9.946096, 16.772311
29.881878, 0.469486

0.008896, 0.003859
0.348768, 0.055603
0.077605, -0.720000
-0.053504, 0.983353
0.273926, -1.405208
-1.623178, 4.934296
9.513642, 0.203026
9.926271, 16.782931
29.881483, 0.487881

0.008951, 0.003911
0.251256, 0.210373
0.192464, -0.699874
-0.154509, 0.971674
0.356470, -1.380786
-1.665333, 4.922343
9.511085, 0.235433
9.906433, 16.793527
29.881076, 0.506277

0.009007, 0.003963
0.082302, 0.302074
0.302563, -0.661494
-0.253787, 0.949768
0.437820, -1.351606
-1.707369, 4.910040
9.508417, 0.267836
9.886581, 16.804101
29.880658, 0.524672

0.009062, 0.004016
-0.110715, 0.295104
0.405049, -0.605855
-0.350289, 0.917873
0.517678, -1.317712
-1.749283, 4.897387
9.505638, 0.300237
9.866716, 16.814652
29.880229, 0.543067

0.009117, 0.004069
-0.268120, 0.197671
0.497257, -0.534386
-0.443001, 0.876336
0.595746, -1.279166
-1.791072, 4.884386
9.502749, 0.332635
9.846838, 16.825180
29.879789, 0.561462

0.009173, 0.004122
-0.356551, 0.049834
0.576775, -0.448922
-0.530949, 0.825610
0.671725, -1.236053
-1.832733, 4.871039
9.499748, 0.365028
9.826946, 16.835686
29.879338, 0.579856

0.009228, 0.004175
-0.373056, -0.108357
0.641505, -0.351655
-0.613219, 0.766247
0.745321, -1.188480
-1.874263, 4.857346
9.496637, 0.397418
9.807041, 16.846169
29.878875, 0.598250

0.009283, 0.004229
-0.329382, -0.249702
0.689714, -0.245093
-0.688963, 0.698893
0.816244, -1.136576
-1.915660, 4.843309
9.493415, 0.429803
9.787123, 16.856629
29.878401, 0.616645

0.009338, 0.004283
-0.241010, -0.358121
0.720080, -0.131994
-0.757405, 0.624275
0.884209, -1.080493
-1.956920, 4.828930
9.490082, 0.462183
9.767191, 16.867066
29.877916, 0.635038

0.009392, 0.004338
-0.123277, -0.424451
0.731735, -0.015310
-0.817858, 0.543196
0.948944, -1.020404
-1.998041, 4.814209
9.486638, 0.494557
9.747246, 16.877480
29.877420, 0.653432

0.009447, 0.004392
0.009129, -0.443572
0.724286, 0.101892
-0.869722, 0.456522
1.010183, -0.956503
-2.039021, 4.799148
9.483084, 0.526926
9.727288, 16.887872
29.876912, 0.671826

0.009502, 0.004447
0.141476, -0.413065
0.697844, 0.216500
-0.912496, 0.365173
1.067675, -0.889004
-2.079855, 4.783750
9.479418, 0.559289
9.707317, 16.898240
29.876393, 0.690219

0.009557, 0.004503
0.257914, -0.333134
0.653022, 0.325445
-0.945778, 0.270110
1.121185, -0.818144
-2.120543, 4.768014
9.475641, 0.591645
9.687333, 16.908586
29.875863, 0.708612

0.009611, 0.004559
0.340388, -0.207922
0.590933, 0.425774
-0.969269, 0.172325
1.170494, -0.744174
-2.161081, 4.751943
9.471753, 0.623995
9.667336, 16.918909
29.875322, 0.727004

0.009665, 0.004615
0.368386, -0.048809
0.513168, 0.514742
-0.982777, 0.072828
1.215400, -0.667365
-2.201466, 4.735539
9.467754, 0.656337
9.647325, 16.929209
29.874770, 0.745397

0.009720, 0.004671
0.322069, 0.119895
0.421762, 0.589887
-0.986212, -0.027362
1.255723, -0.588002
-2.241696, 4.718802
9.463645, 0.688672
9.627302, 16.939486
29.874206, 0.763789

0.009774, 0.004728
0.193944, 0.256431
0.319145, 0.649106
-0.979589, -0.127229
1.291305, -0.506383
-2.281768, 4.701735
9.459424, 0.720998
9.607265, 16.949740
29.873631, 0.782181

0.009828, 0.004786
0.008495, 0.312493
0.208078, 0.690721
-0.963026, -0.225770
1.322009, -0.422819
-2.321679, 4.684339
9.455092, 0.753316
9.587216, 16.959971
29.873045, 0.800572

0.009882, 0.004843
-0.177069, 0.267404
0.091579, 0.713537
-0.936735, -0.322007
1.347724, -0.337628
-2.361427, 4.666615
9.450648, 0.785626
9.567153, 16.970179
29.872448, 0.818963

0.009936, 0.004901
-0.310038, 0.145366
-0.027163, 0.716879
-0.901028, -0.414992
1.368360, -0.251137
-2.401010, 4.648565
9.446094, 0.817926
9.547077, 16.980364
29.871839, 0.837354

0.009990, 0.004960
-0.370110, -0.010519
-0.144884, 0.700620
-0.856301, -0.503821
1.383856, -0.163677
-2.440424, 4.630191
9.441429, 0.850217
9.526989, 16.990526
29.871220, 0.855745

0.010043, 0.005018
-0.361816, -0.164759
-0.258337, 0.665190
-0.803037, -0.587637
1.394173, -0.075581
-2.479667, 4.611495
9.436652, 0.882497
9.506888, 17.000665
29.870589, 0.874135

0.010096, 0.005077
-0.299160, -0.294922
-0.364392, 0.611563
-0.741797, -0.665639
1.399299, 0.012818
-2.518737, 4.592477
9.431765, 0.914768
9.486773, 17.010781
29.869947, 0.892525

0.010149, 0.005137
-0.197769, -0.388025
-0.460131, 0.541229
-0.673212, -0.737089
1.399245, 0.101189
-2.557630, 4.573141
9.426766, 0.947028
9.466646, 17.020873
29.869293, 0.910915

0.010202, 0.005196
-0.072699, -0.436703
-0.542934, 0.456147
-0.597977, -0.801318
1.394048, 0.189204
-2.596346, 4.553487
9.421656, 0.979276
9.446506, 17.030943
29.868629, 0.929304

0.010255, 0.005256
0.061458, -0.436957
-0.610557, 0.358687
-0.516846, -0.857728
1.383765, 0.276544
-2.634880, 4.533517
9.416435, 1.011513
9.426353, 17.040990
29.867953, 0.947693

0.010307, 0.005316
0.189680, -0.387314
-0.661191, 0.251554
-0.430621, -0.905798
1.368480, 0.362897
-2.673231, 4.513234
9.411102, 1.043739
9.406188, 17.051013
29.867266, 0.966082

0.010360, 0.005377
0.295382, -0.289242
-0.693515, 0.137704
-0.340147, -0.945090
1.348293, 0.447960
-2.711396, 4.492638
9.405659, 1.075952
9.386009, 17.061013
29.866568, 0.984470

0.010412, 0.005438
0.359498, -0.149131
-0.706724, 0.020259
-0.246304, -0.975245
1.323327, 0.531443
-2.749373, 4.471732
9.400104, 1.108152
9.365818, 17.070991
29.865858, 1.002858

0.010464, 0.005499
0.361071, 0.017455
-0.700546, -0.097589
-0.149998, -0.995994
1.293722, 0.613068
-2.787159, 4.450517
9.394438, 1.140339
9.345614, 17.080944
29.865138, 1.021245

0.010516, 0.005560
0.282976, 0.179654
-0.675237, -0.212665
-0.052156, -1.007152
1.259635, 0.692572
-2.824752, 4.428995
9.388661, 1.172513
9.325398, 17.090875
29.864406, 1.039633

0.010567, 0.005622
0.127768, 0.290436
-0.631569, -0.321901
0.046286, -1.008622
1.221237, 0.769706
-2.862149, 4.407169
9.382773, 1.204674
9.305169, 17.100783
29.863663, 1.058019

0.010618, 0.005684
-0.065283, 0.307581
-0.570793, -0.422415
0.144386, -1.000397
1.178713, 0.844238
-2.899349, 4.385039
9.376774, 1.236819
9.284927, 17.110667
29.862908, 1.076406

0.010670, 0.005746
-0.235325, 0.228300
-0.494603, -0.511581
0.241208, -0.982555
1.132262, 0.915951
-2.936348, 4.362608
9.370663, 1.268951
9.264673, 17.120528
29.862143, 1.094792

0.010721, 0.005808
-0.341020, 0.088285
-0.405079, -0.587098
0.335826, -0.955264
1.082089, 0.984645
-2.973145, 4.339877
9.364442, 1.301067
9.244406, 17.130366
29.861366, 1.113177

0.010771, 0.005871
-0.373579, -0.070407
-0.304628, -0.647037
0.427333, -0.918777
1.028411, 1.050138
-3.009737, 4.316849
9.358109, 1.333168
9.224126, 17.140180
29.860578, 1.131562

0.010822, 0.005934
-0.342621, -0.217453
-0.195919, -0.689887
0.514848, -0.873432
0.971450, 1.112264
-3.046122, 4.293526
9.351665, 1.365253
9.203834, 17.149971
29.859779, 1.149947

0.010872, 0.005997
-0.263297, -0.334571
-0.081816, -0.714583
0.597527, -0.819648
0.911436, 1.170875
-3.082298, 4.269909
9.345110, 1.397322
9.183529, 17.159739
29.858968, 1.168331

0.010923, 0.006060
-0.151096, -0.411302
0.034700, -0.720528
0.674563, -0.757924
0.848601, 1.225837
-3.118262, 4.246000
9.338444, 1.429375
9.163212, 17.169484
29.858147, 1.186715

0.010973, 0.006123
-0.020822, -0.441752
0.150600, -0.707601
0.745200, -0.688834
0.783179, 1.277037
-3.154012, 4.221801
9.331667, 1.461411
9.142883, 17.179205
29.857314, 1.205099

0.011023, 0.006187
0.112894, -0.422921
0.262877, -0.676157
0.808736, -0.613024
0.715410, 1.324374
-3.189546, 4.197315
9.324778, 1.493429
9.122541, 17.188902
29.856470, 1.223481

0.011073, 0.006251
0.234567, -0.354340
0.368623, -0.627017
0.864531, -0.531205
0.645530, 1.367763
-3.224861, 4.172543
9.317779, 1.525430
9.102186, 17.198577
29.855615, 1.241864

0.011122, 0.006315
0.326732, -0.239022
0.465092, -0.561446
0.912014, -0.444153
0.573778, 1.407137
-3.259957, 4.147487
9.310669, 1.557412
9.081820, 17.208228
29.854748, 1.260246

0.011172, 0.006379
0.369364, -0.086230
0.549767, -0.481127
0.950687, -0.352696
0.500390, 1.442440
-3.294829, 4.122149
9.303447, 1.589376
9.061441, 17.217855
29.853870, 1.278628

0.011221, 0.006444
0.341829, 0.083332
0.620423, -0.388120
0.980133, -0.257713
0.425600, 1.473632
-3.329477, 4.096531
9.296115, 1.621321
9.041049, 17.227459
29.852982, 1.297009

0.011271, 0.006509
0.232098, 0.231907
0.675179, -0.284816
1.000020, -0.160126
0.349641, 1.500685
-3.363898, 4.070636
9.288671, 1.653247
9.020645, 17.237040
29.852081, 1.315389

0.011320, 0.006574
0.055732, 0.310271
0.712551, -0.173886
1.010107, -0.060887
0.272739, 1.523584
-3.398090, 4.044465
9.281117, 1.685153
9.000229, 17.246597
29.851170, 1.333769

0.011369, 0.006639
-0.135438, 0.288121
0.731491, -0.058214
1.010246, 0.039023
0.195121, 1.542325
-3.432052, 4.018021
9.273452, 1.717039
8.979801, 17.256131
29.850248, 1.352149

0.011418, 0.006704
-0.283779, 0.180320
0.731420, 0.059168
1.000386, 0.138608
0.117005, 1.556917
-3.465780, 3.991305
9.265675, 1.748905
8.959361, 17.265641
29.849314, 1.370528

0.011467, 0.006770
-0.361113, 0.028682
0.712255, 0.175156
0.980576, 0.236866
0.038606, 1.567377
-3.499273, 3.964319
9.257788, 1.780750
8.938908, 17.275128
29.848369, 1.388907

0.011516, 0.006836
-0.367714, -0.128385
0.674414, 0.286655
0.950968, 0.332796
-0.039864, 1.573734
-3.532529, 3.937067
9.249790, 1.812573
8.918443, 17.284591
29.847413, 1.407285

0.011565, 0.006903
-0.316367, -0.265607
0.618820, 0.390657
0.911813, 0.425413
-0.118203, 1.576026
-3.565545, 3.909549
9.241681, 1.844375
8.897966, 17.294030
29.846445, 1.425662

0.011613, 0.006970
-0.222658, -0.368184
0.546881, 0.484327
0.863465, 0.513756
-0.196209, 1.574298
-3.598321, 3.881768
9.233462, 1.876155
8.877477, 17.303446
29.845467, 1.444039

0.011661, 0.007037
-0.101814, -0.427699
0.460469, 0.565087
0.806378, 0.596900
-0.273691, 1.568606
-3.630854, 3.853726
9.225132, 1.907912
8.856976, 17.312839
29.844477, 1.462416

0.011710, 0.007104
0.031528, -0.439487
0.361866, 0.630685
0.741100, 0.673963
-0.350460, 1.559011
-3.663141, 3.825426
9.216691, 1.939647
8.836463, 17.322207
29.843476, 1.480792

0.011758, 0.007172
0.162543, -0.401495
0.253715, 0.679274
0.668273, 0.744124
-0.426335, 1.545582
-3.695182, 3.796869
9.208139, 1.971358
8.815937, 17.331552
29.842464, 1.499167

0.011806, 0.007239
0.275113, -0.314393
0.138942, 0.709467
0.588623, 0.806626
-0.501141, 1.528395
-3.726973, 3.768058
9.199476, 2.003046
8.795400, 17.340874
29.841440, 1.517542

0.011853, 0.007308
0.350789, -0.183137
0.020681, 0.720384
0.502957, 0.860790
-0.574708, 1.507532
-3.758514, 3.738994
9.190704, 2.034710
8.774851, 17.350172
29.840406, 1.535916

0.011901, 0.007376
0.368822, -0.020629
-0.097822, 0.711686
0.412152, 0.906024
-0.646872, 1.483080
-3.789803, 3.709680
9.181820, 2.066349
8.754289, 17.359446
29.839360, 1.554290

0.011948, 0.007445
0.310195, 0.146343
-0.213303, 0.683587
0.317147, 0.941826
-0.717477, 1.455133
-3.820837, 3.680119
9.172826, 2.097964
8.733716, 17.368697
29.838303, 1.572663

0.011995, 0.007514
0.170949, 0.273714
-0.322575, 0.636854
0.218932, 0.967800
-0.786370, 1.423788
-3.851615, 3.650312
9.163721, 2.129553
8.713131, 17.377923
29.837234, 1.591036

0.012042, 0.007584
-0.018585, 0.314844
-0.422630, 0.572780
0.118535, 0.983653
-0.853406, 1.389148
-3.882134, 3.620262
9.154507, 2.161117
8.692534, 17.387126
29.836155, 1.609408

0.012089, 0.007654
-0.198967, 0.255850
-0.510722, 0.493151
0.017014, 0.989203
-0.918446, 1.351320
-3.912394, 3.589971
9.145181, 2.192655
8.671925, 17.396306
29.835064, 1.627779

0.012136, 0.007724
-0.321539, 0.126030
-0.584454, 0.400185
-0.084559, 0.984384
-0.981356, 1.310415
-3.942393, 3.559441
9.135745, 2.224166
8.651304, 17.405461
29.833962, 1.646150

0.012182, 0.007795
-0.370744, -0.031516
-0.641843, 0.296466
-0.185110, 0.969244
-1.042007, 1.266548
-3.972128, 3.528675
9.126200, 2.255651
8.630672, 17.414593
29.832849, 1.664520

0.012228, 0.007865
-0.353357, -0.183290
-0.681375, 0.184863
-0.283577, 0.943944
-1.100277, 1.219839
-4.001598, 3.497674
9.116543, 2.287109
8.610028, 17.423701
29.831725, 1.682889

0.012273, 0.007936
-0.283936, -0.308557
-0.702041, 0.068444
-0.378921, 0.908760
-1.156050, 1.170408
-4.030801, 3.466441
9.106777, 2.318539
8.589372, 17.432785
29.830589, 1.701258

0.012318, 0.008008
-0.178078, -0.395380
-0.703362, -0.049616
-0.470140, 0.864075
-1.209214, 1.118381
-4.059735, 3.434979
9.096900, 2.349941
8.568704, 17.441846
29.829442, 1.719627

0.012363, 0.008079
-0.050732, -0.437002
-0.685392, -0.166125
-0.556279, 0.810376
-1.259663, 1.063886
-4.088400, 3.403290
9.086914, 2.381314
8.548024, 17.450882
29.828284, 1.737994

0.012408, 0.008151
0.083512, -0.429824
-0.648705, -0.277963
-0.636445, 0.748248
-1.307298, 1.007055
-4.116793, 3.371375
9.076817, 2.412659
8.527333, 17.459895
29.827115, 1.756361

0.012453, 0.008223
0.209470, -0.372752
-0.594371, -0.382167
-0.709813, 0.678365
-1.352023, 0.948021
-4.144912, 3.339238
9.066611, 2.443975
8.506630, 17.468884
29.825935, 1.774727

0.012497, 0.008295
0.310230, -0.267816
-0.523919, -0.476003
-0.775637, 0.601482
-1.393748, 0.886922
-4.172756, 3.306880
9.056294, 2.475261
8.485916, 17.477849
29.824743, 1.793093

0.012541, 0.008367
0.366335, -0.122446
-0.439284, -0.557038
-0.833258, 0.518425
-1.432391, 0.823896
-4.200324, 3.274305
9.045868, 2.506517
8.465190, 17.486790
29.823540, 1.811458

0.012584, 0.008440
0.356837, 0.045906
-0.342757, -0.623193
-0.882110, 0.430077
-1.467870, 0.759085
-4.227613, 3.241513
9.035332, 2.537743
8.444453, 17.495707
29.822327, 1.829822

0.012627, 0.008513
0.266279, 0.203688
-0.236913, -0.672791
-0.921723, 0.337376
-1.500113, 0.692634
-4.254623, 3.208509
9.024686, 2.568938
8.423703, 17.504600
29.821101, 1.848186

0.012670, 0.008586
0.101979, 0.302546
-0.124548, -0.704590
-0.951731, 0.241293
-1.529052, 0.624688
-4.281352, 3.175294
9.013931, 2.600102
8.402943, 17.513469
29.819865, 1.866549

0.012713, 0.008659
-0.091466, 0.304255
-0.008608, -0.717811
-0.971872, 0.142829
-1.554622, 0.555397
-4.307798, 3.141870
9.003066, 2.631235
8.382171, 17.522315
29.818617, 1.884911

0.012756, 0.008732
-0.253668, 0.213122
0.107888, -0.712148
-0.981987, 0.042998
-1.576767, 0.484911
-4.333960, 3.108240
8.992091, 2.662336
8.361387, 17.531136
29.817358, 1.903273

0.012798, 0.008806
-0.348357, 0.067860
0.221914, -0.687773
-0.982023, -0.057181
-1.595434, 0.413383
-4.359836, 3.074406
8.981007, 2.693404
8.340592, 17.539933
29.816088, 1.921633

0.012840, 0.008879
-0.370589, -0.090670
0.330516, -0.645329
-0.972029, -0.156695
-1.610575, 0.340969
-4.385424, 3.040371
8.969814, 2.724439
8.319786, 17.548707
29.814807, 1.939994

0.012881, 0.008953
-0.331416, -0.234156
0.430875, -0.585912
-0.952156, -0.254548
-1.622148, 0.267825
-4.410725, 3.006138
8.958511, 2.755442
8.298968, 17.557456
29.813515, 1.958353

0.012923, 0.009027
-0.246223, -0.345756
0.520381, -0.511050
-0.922652, -0.349773
-1.630118, 0.194112
-4.435735, 2.971707
8.947099, 2.786411
8.278139, 17.566181
29.812211, 1.976712

0.012964, 0.009101
-0.130406, -0.415856
0.596686, -0.422660
-0.883855, -0.441434
-1.634455, 0.119989
-4.460454, 2.937083
8.935578, 2.817346
8.257298, 17.574882
29.810896, 1.995069

0.013005, 0.009176
0.001311, -0.439064
0.657772, -0.323015
-0.836195, -0.528643
-1.635132, 0.045621
-4.484880, 2.902267
8.923948, 2.848246
8.236447, 17.583559
29.809570, 2.013427

0.013046, 0.009250
0.134240, -0.412754
0.701994, -0.214683
-0.780179, -0.610560
-1.632131, -0.028828
-4.509012, 2.867262
8.912209, 2.879112
8.215584, 17.592212
29.808233, 2.031783

0.013086, 0.009324
0.252668, -0.336877
0.728133, -0.100476
-0.716394, -0.686407
-1.625440, -0.103191
-4.532849, 2.832070
8.900361, 2.909943
8.194709, 17.600841
29.806885, 2.050139

0.013126, 0.009399
0.338755, -0.215150
0.735426, 0.016623
-0.645493, -0.755468
-1.615051, -0.177300
-4.556389, 2.796695
8.888404, 2.940739
8.173824, 17.609446
29.805525, 2.068493

0.013166, 0.009474
0.372148, -0.058156
0.723596, 0.133528
-0.568192, -0.817097
-1.600964, -0.250984
-4.579631, 2.761137
8.876339, 2.971498
8.152927, 17.618027
29.804154, 2.086848

0.013206, 0.009549
0.332657, 0.111130
0.692868, 0.247131
-0.485261, -0.870722
-1.583185, -0.324072
-4.602574, 2.725400
8.864165, 3.002221
8.132019, 17.626583
29.802772, 2.105201

0.013246, 0.009624
0.211021, 0.252348
0.643970, 0.354381
-0.397520, -0.915851
-1.561726, -0.396389
-4.625216, 2.689486
8.851882, 3.032908
8.111100, 17.635116
29.801379, 2.123553

0.013285, 0.009700
0.028463, 0.316633
0.578129, 0.452366
-0.305824, -0.952071
-1.536608, -0.467763
-4.647556, 2.653398
8.839491, 3.063557
8.090170, 17.643624
29.799974, 2.141905

0.013324, 0.009775
-0.159497, 0.279680
0.497040, 0.538399
-0.211063, -0.979055
-1.507857, -0.538017
-4.669594, 2.617138
8.826991, 3.094169
8.069229, 17.652108
29.798559, 2.160256

0.013363, 0.009851
-0.298160, 0.162506
0.402835, 0.610094
-0.114151, -0.996561
-1.475508, -0.606975
-4.691327, 2.580709
8.814383, 3.124743
8.048277, 17.660567
29.797132, 2.178606

0.013402, 0.009927
-0.364441, 0.007937
0.298024, 0.665441
-0.016020, -1.004435
-1.439603, -0.674458
-4.712755, 2.544112
8.801667, 3.155279
8.027314, 17.669003
29.795694, 2.196956

0.013440, 0.010003
-0.361443, -0.147451
0.185435, 0.702868
0.082394, -1.002608
-1.400192, -0.740290
-4.733877, 2.507352
8.788843, 3.185776
8.006339, 17.677414
29.794244, 2.215304

0.013478, 0.010079
-0.302782, -0.280227
0.068130, 0.721297
0.180148, -0.991104
-1.357333, -0.804290
-4.754691, 2.470430
8.775911, 3.216234
7.985354, 17.685801
29.792784, 2.233652

0.013516, 0.010156
-0.204082, -0.376781
-0.050676, 0.720176
0.276309, -0.970032
-1.311094, -0.866281
-4.775196, 2.433348
8.762870, 3.246653
7.964358, 17.694164
29.791312, 2.251999

0.013554, 0.010232
-0.080459, -0.429381
-0.167715, 0.699506
0.369956, -0.939587
-1.261549, -0.926085
-4.795392, 2.396110
8.749722, 3.277031
7.943351, 17.702502
29.789830, 2.270345

0.013591, 0.010309
0.053486, -0.433794
-0.279758, 0.659842
0.460193, -0.900052
-1.208785, -0.983524
-4.815276, 2.358717
8.736467, 3.307370
7.922333, 17.710816
29.788336, 2.288690

0.013628, 0.010386
0.182807, -0.388333
-0.383718, 0.602278
0.546149, -0.851792
-1.152896, -1.038420
-4.834849, 2.321173
8.723103, 3.337667
7.901304, 17.719106
29.786830, 2.307034

0.013665, 0.010463
0.291094, -0.294166
-0.476737, 0.528417
0.626991, -0.795253
-1.093986, -1.090600
-4.854109, 2.283480
8.709632, 3.367924
7.880264, 17.727371
29.785314, 2.325378

0.013701, 0.010541
0.359500, -0.157143
-0.556276, 0.440315
0.701930, -0.730960
-1.032169, -1.139889
-4.873055, 2.245640
8.696054, 3.398139
7.859214, 17.735613
29.783786, 2.343720

0.013738, 0.010618
0.367114, 0.008171
-0.620184, 0.340425
0.770227, -0.659512
-0.967571, -1.186117
-4.891685, 2.207656
8.682368, 3.428313
7.838152, 17.743829
29.782247, 2.362062

0.013774, 0.010696
0.296035, 0.172403
-0.666761, 0.231517
0.831200, -0.581577
-0.900327, -1.229117
-4.910000, 2.169531
8.668576, 3.458444
7.817080, 17.752022
29.780697, 2.380403

0.013809, 0.010774
0.146337, 0.289479
-0.694800, 0.116591
0.884232, -0.497888
-0.830582, -1.268724
-4.927999, 2.131266
8.654676, 3.488532
7.795997, 17.760189
29.779136, 2.398742

0.013845, 0.010851
-0.045867, 0.315332
-0.703616, -0.001208
0.928775, -0.409240
-0.758495, -1.304781
-4.945679, 2.092866
8.640669, 3.518578
7.774904, 17.768333
29.777564, 2.417082

0.013880, 0.010930
-0.219936, 0.243150
-0.693059, -0.118683
0.964359, -0.316478
-0.684235, -1.337132
-4.963040, 2.054331
8.626555, 3.548580
7.753800, 17.776452
29.775980, 2.435420

0.013915, 0.011008
-0.331793, 0.106549
-0.663503, -0.232677
0.990594, -0.220498
-0.607979, -1.365630
-4.980082, 2.015665
8.612335, 3.578538
7.732685, 17.784547
29.774385, 2.453757

0.013949, 0.011086
-0.370311, -0.051912
-0.615831, -0.340157
1.007179, -0.122230
-0.529921, -1.390136
-4.996804, 1.976871
8.598008, 3.608452
7.711559, 17.792617
29.772779, 2.472093

0.013983, 0.011164
-0.344169, -0.200768
-0.551399, -0.438293
1.013903, -0.022639
-0.450263, -1.410515
-5.013204, 1.937951
8.583574, 3.638321
7.690423, 17.800663
29.771162, 2.490429

0.014017, 0.011243
-0.268337, -0.320882
-0.471994, -0.524528
1.010650, 0.077288
-0.369217, -1.426645
-5.029282, 1.898907
8.569034, 3.668146
7.669277, 17.808684
29.769534, 2.508763

0.014051, 0.011322
-0.158348, -0.401282
-0.379775, -0.596639
0.997403, 0.176552
-0.287010, -1.438412
-5.045037, 1.859742
8.554388, 3.697925
7.648120, 17.816680
29.767894, 2.527096

0.014084, 0.011400
-0.029054, -0.435774
-0.277216, -0.652791
0.974246, 0.274150
-0.203877, -1.445714
-5.060468, 1.820459
8.539635, 3.727658
7.626952, 17.824653
29.766244, 2.545429

0.014117, 0.011479
0.104935, -0.421143
-0.167035, -0.691570
0.941365, 0.369086
-0.120062, -1.448461
-5.075575, 1.781060
8.524777, 3.757345
7.605774, 17.832600
29.764582, 2.563761

0.014150, 0.011558
0.228249, -0.356689
-0.052130, -0.712017
0.899044, 0.460381
-0.035824, -1.446576
-5.090356, 1.741548
8.509813, 3.786985
7.584585, 17.840523
29.762908, 2.582091

0.014182, 0.011637
0.323628, -0.245054
0.064500, -0.713641
0.847673, 0.547085
0.048575, -1.439996
-5.104811, 1.701926
8.494742, 3.816578
7.563386, 17.848422
29.761224, 2.600421

0.014215, 0.011716
0.371242, -0.094807
0.179824, -0.696431
0.787736, 0.628286
0.132861, -1.428677
-5.118940, 1.662196
8.479567, 3.846124
7.542177, 17.856296
29.759529, 2.618750

0.014247, 0.011795
0.350295, 0.074560
0.290852, -0.660848
0.719816, 0.703121
0.216753, -1.412587
-5.132741, 1.622360
8.464285, 3.875622
7.520957, 17.864145
29.757822, 2.637077

0.014279, 0.011874
0.247395, 0.226794
0.394704, -0.607818
0.644581, 0.770790
0.299965, -1.391716
-5.146214, 1.582422
8.448898, 3.905072
7.499727, 17.871970
29.756104, 2.655404

0.014310, 0.011953
0.075038, 0.312794
0.488682, -0.538704
0.562788, 0.830562
0.382203, -1.366070
-5.159358, 1.542384
8.433407, 3.934474
7.478486, 17.879770
29.754375, 2.673730

0.014342, 0.012033
-0.117364, 0.299180
0.570330, -0.455278
0.475268, 0.881784
0.463174, -1.335677
-5.172173, 1.502248
8.417809, 3.963826
7.457235, 17.887545
29.752635, 2.692055

0.014373, 0.012112
-0.270914, 0.197125
0.637495, -0.359681
0.382920, 0.923896
0.542578, -1.300583
-5.184657, 1.462018
8.402107, 3.993129
7.435974, 17.895296
29.750883, 2.710378

0.014404, 0.012192
-0.354523, 0.047546
0.688383, -0.254375
0.286700, 0.956430
0.620118, -1.260857
-5.196811, 1.421695
8.386300, 4.022383
7.414703, 17.903022
29.749121, 2.728701

0.014434, 0.012272
-0.366695, -0.110200
0.721607, -0.142084
0.187614, 0.979024
0.695496, -1.216589
-5.208634, 1.381283
8.370389, 4.051586
7.393421, 17.910724
29.747347, 2.747023

0.014465, 0.012351
-0.319658, -0.249764
0.736222, -0.025733
0.086702, 0.991422
0.768419, -1.167892
-5.220125, 1.340783
8.354372, 4.080739
7.372130, 17.918401
29.745562, 2.765344

0.014495, 0.012431
-0.228943, -0.355640
0.731761, 0.091622
-0.014973, 0.993483
0.838597, -1.114900
-5.231284, 1.300200
8.338252, 4.109840
7.350828, 17.926053
29.743766, 2.783663

0.014525, 0.012511
-0.109838, -0.418994
0.708256, 0.206872
-0.116337, 0.985177
0.905750, -1.057770
-5.242109, 1.259534
8.322027, 4.138891
7.329516, 17.933680
29.741958, 2.801982

0.014555, 0.012592
0.022994, -0.434907
0.666240, 0.316933
-0.216319, 0.966592
0.969604, -0.996680
-5.252602, 1.218790
8.305698, 4.167890
7.308194, 17.941283
29.740140, 2.820299

0.014584, 0.012672
0.154784, -0.401119
0.606749, 0.418831
-0.313861, 0.937927
1.029900, -0.931830
-5.262760, 1.177969
8.289265, 4.196836
7.286862, 17.948860
29.738310, 2.838616

0.014613, 0.012753
0.269568, -0.318029
0.531303, 0.509782
-0.407937, 0.899495
1.086389, -0.863439
-5.272584, 1.137074
8.272728, 4.225730
7.265520, 17.956413
29.736469, 2.856931

0.014642, 0.012833
0.349116, -0.190126
0.441869, 0.587274
-0.497559, 0.851716
1.138840, -0.791747
-5.282073, 1.096109
8.256087, 4.254572
7.244167, 17.963942
29.734617, 2.875246

0.014671, 0.012914
0.372803, -0.029439
0.340819, 0.649145
-0.581793, 0.795110
1.187037, -0.717011
-5.291228, 1.055074
8.239343, 4.283360
7.222805, 17.971445
29.732754, 2.893559

0.014699, 0.012995
0.321110, 0.138654
0.230867, 0.693646
-0.659766, 0.730293
1.230784, -0.639505
-5.300046, 1.013974
8.222496, 4.312094
7.201433, 17.978924
29.730879, 2.911871

0.014727, 0.013076
0.188029, 0.271350
0.114995, 0.719504
-0.730681, 0.657967
1.269907, -0.559518
-5.308529, 0.972810
8.205545, 4.340774
7.180051, 17.986378
29.728994, 2.930182

0.014755, 0.013157
0.000601, 0.320961
-0.003630, 0.725958
-0.793819, 0.578913
1.304251, -0.477350
-5.316675, 0.931586
8.188491, 4.369400
7.158659, 17.993806
29.727097, 2.948492

0.014783, 0.013238
-0.182867, 0.269737
-0.121748, 0.712798
-0.848551, 0.493976
1.333687, -0.393316
-5.324484, 0.890304
8.171334, 4.397971
7.137257, 18.001211
29.725189, 2.966801

0.014810, 0.013320
-0.311362, 0.144199
-0.236105, 0.680363
-0.894345, 0.404061
1.358107, -0.307735
-5.331956, 0.848966
8.154075, 4.426487
7.115846, 18.008590
29.723270, 2.985109

0.014836, 0.013402
-0.366697, -0.012482
-0.343546, 0.629544
-0.930766, 0.310117
1.377431, -0.220937
-5.339091, 0.807576
8.136713, 4.454947
7.094424, 18.015944
29.721339, 3.003416

0.014863, 0.013483
-0.354422, -0.165681
-0.441116, 0.561752
-0.957482, 0.213127
1.391601, -0.133251
-5.345889, 0.766136
8.119248, 4.483351
7.072993, 18.023274
29.719398, 3.021722

0.014889, 0.013565
-0.288801, -0.293722
-0.526142, 0.478875
-0.974265, 0.114096
1.400586, -0.045013
-5.352348, 0.724648
8.101681, 4.511699
7.051552, 18.030578
29.717445, 3.040026

0.014915, 0.013647
-0.185449, -0.384089
-0.596316, 0.383222
-0.980993, 0.014043
1.404378, 0.043446
-5.358469, 0.683115
8.084012, 4.539990
7.030101, 18.037858
29.715481, 3.058329

0.014940, 0.013729
-0.059372, -0.429686
-0.649758, 0.277450
-0.977648, -0.086015
1.402996, 0.131793
-5.364252, 0.641540
8.066242, 4.568223
7.008641, 18.045112
29.713506, 3.076631

0.014965, 0.013811
0.074841, -0.426689
-0.685066, 0.164481
-0.964313, -0.185070
1.396482, 0.219705
-5.369696, 0.599926
8.048369, 4.596400
6.987170, 18.052342
29.711520, 3.094933

0.014990, 0.013893
0.202101, -0.373786
-0.701352, 0.047415
-0.941173, -0.282134
1.384899, 0.306862
-5.374801, 0.558275
8.030395, 4.624518
6.965691, 18.059547
29.709523, 3.113232

0.015014, 0.013976
0.305680, -0.272684
-0.698260, -0.070560
-0.908506, -0.376249
1.368336, 0.392954
-5.379567, 0.516590
8.012319, 4.652578
6.944201, 18.066726
29.707514, 3.131531

0.015038, 0.014058
0.366339, -0.130214
-0.675963, -0.186261
-0.866682, -0.466495
1.346898, 0.477681
-5.383994, 0.474872
7.994142, 4.680579
6.922702, 18.073881
29.705494, 3.149829

0.015061, 0.014140
0.363105, 0.037254
-0.635152, -0.296598
-0.816157, -0.552000
1.320713, 0.560757
-5.388081, 0.433126
7.975864, 4.708521
6.901193, 18.081011
29.703464, 3.168125

0.015084, 0.014222
0.279532, 0.197681
-0.577005, -0.398654
-0.757467, -0.631944
1.289925, 0.641907
-5.391829, 0.391354
7.957486, 4.736404
6.879675, 18.088116
29.701421, 3.186420

0.015107, 0.014304
0.120204, 0.303392
-0.503149, -0.489757
-0.691220, -0.705568
1.254694, 0.720870
-5.395238, 0.349558
7.939006, 4.764227
6.858148, 18.095195
29.699368, 3.204714

0.015130, 0.014387
-0.073222, 0.313803
-0.415606, -0.567552
-0.618094, -0.772180
1.215198, 0.797402
-5.398306, 0.307741
7.920426, 4.791989
6.836611, 18.102250
29.697304, 3.223007

0.015152, 0.014469
-0.239968, 0.229251
-0.316738, -0.630048
-0.538821, -0.831159
1.171623, 0.871274
-5.401035, 0.265906
7.901745, 4.819691
6.815064, 18.109279
29.695228, 3.241298

0.015174, 0.014551
-0.340894, 0.086848
-0.209175, -0.675664
-0.454191, -0.881959
1.124170, 0.942274
-5.403425, 0.224055
7.882965, 4.847332
6.793508, 18.116284
29.693142, 3.259589

0.015195, 0.014633
-0.368941, -0.071832
-0.095756, -0.703264
-0.365034, -0.924114
1.073049, 1.010206
-5.405474, 0.182190
7.864084, 4.874912
6.771943, 18.123263
29.691044, 3.277878

0.015216, 0.014715
-0.334386, -0.217353
0.020553, -0.712176
-0.272220, -0.957241
1.018477, 1.074892
-5.407184, 0.140315
7.845104, 4.902429
6.750368, 18.130217
29.688935, 3.296166

0.015237, 0.014797
-0.252489, -0.332075
0.136723, -0.702202
-0.176648, -0.981040
0.960679, 1.136170
-5.408553, 0.098433
7.826024, 4.929885
6.728784, 18.137146
29.686814, 3.314453

0.015258, 0.014879
-0.138699, -0.405916
0.249741, -0.673625
-0.079238, -0.995299
0.899885, 1.193895
-5.409583, 0.056545
7.806844, 4.957278
6.707190, 18.144050
29.684683, 3.332738

0.015278, 0.014961
-0.007782, -0.433205
0.356678, -0.627192
0.019077, -0.999894
0.836329, 1.247941
-5.410273, 0.014654
7.787566, 4.984608
6.685588, 18.150929
29.682540, 3.351022

0.015298, 0.015043
0.125610, -0.411101
0.454757, -0.564099
0.117355, -0.994786
0.770247, 1.298194
-5.410623, -0.027236
7.768188, 5.011875
6.663976, 18.157783
29.680387, 3.369305

0.015318, 0.015125
0.245894, -0.339316
0.541422, -0.485967
0.214657, -0.980027
0.701877, 1.344560
-5.410634, -0.069124
7.748711, 5.039078
6.642354, 18.164611
29.678222, 3.387587

0.015337, 0.015207
0.335442, -0.221161
0.614398, -0.394798
0.310054, -0.955757
0.631457, 1.386959
-5.410305, -0.111007
7.729136, 5.066217
6.620724, 18.171414
29.676046, 3.405867

0.015357, 0.015288
0.374077, -0.066459
0.671746, -0.292935
0.402632, -0.922200
0.559225, 1.425324
-5.409637, -0.152881
7.709462, 5.093291
6.599084, 18.178192
29.673858, 3.424146

0.015376, 0.015370
0.341331, 0.103110
0.711917, -0.183008
0.491501, -0.879666
0.485416, 1.459606
-5.408629, -0.194746
7.689690, 5.120301
6.577436, 18.184945
29.671660, 3.442424

0.015394, 0.015452
0.226323, 0.248631
0.733790, -0.067872
0.575804, -0.828549
0.410266, 1.489767
-5.407282, -0.236597
7.669820, 5.147245
6.555778, 18.191673
29.669450, 3.460701

0.015413, 0.015533
0.047068, 0.320939
0.736712, 0.049459
0.654721, -0.769322
0.334005, 1.515781
-5.405597, -0.278432
7.649853, 5.174124
6.534111, 18.198375
29.667230, 3.478976

0.015431, 0.015615
-0.142887, 0.292278
0.720519, 0.165889
0.727479, -0.702535
0.256860, 1.537639
-5.403572, -0.320249
7.629787, 5.200937
6.512435, 18.205052
29.664998, 3.497250

0.015450, 0.015697
-0.287092, 0.180276
0.685550, 0.278315
0.793358, -0.628810
0.179054, 1.555338
-5.401209, -0.362045
7.609624, 5.227684
6.490750, 18.211704
29.662755, 3.515523

0.015467, 0.015778
-0.359619, 0.027272
0.632647, 0.383710
0.851696, -0.548839
0.100808, 1.568890
-5.398507, -0.403817
7.589364, 5.254364
6.469056, 18.218330
29.660501, 3.533794

0.015485, 0.015860
-0.362022, -0.129112
0.563147, 0.479206
0.901899, -0.463376
0.022334, 1.578316
-5.395467, -0.445563
7.569007, 5.280976
6.447353, 18.224932
29.658235, 3.552064

0.015502, 0.015942
-0.307473, -0.264419
0.478846, 0.562179
0.943446, -0.373234
-0.056159, 1.583646
-5.392090, -0.487280
7.548553, 5.307522
6.425642, 18.231508
29.655959, 3.570333

0.015520, 0.016023
-0.211576, -0.364380
0.381969, 0.630320
0.975892, -0.279275
-0.134467, 1.584921
-5.388375, -0.528966
7.528002, 5.333999
6.403921, 18.238058
29.653671, 3.588600

0.015536, 0.016105
-0.089510, -0.420884
0.275103, 0.681714
0.998876, -0.182408
-0.212393, 1.582189
-5.384322, -0.570618
7.507355, 5.360409
6.382191, 18.244583
29.651372, 3.606866

0.015553, 0.016187
0.044109, -0.429454
0.161137, 0.714897
1.012128, -0.083577
-0.289744, 1.575506
-5.379933, -0.612233
7.486612, 5.386749
6.360453, 18.251083
29.649062, 3.625131

0.015570, 0.016269
0.174407, -0.388195
0.043177, 0.728906
1.015469, 0.016245
-0.366335, 1.564936
-5.375207, -0.653809
7.465773, 5.413021
6.338705, 18.257558
29.646741, 3.643394

0.015586, 0.016350
0.285137, -0.297987
-0.075541, 0.723315
1.008815, 0.116067
-0.441986, 1.550551
-5.370144, -0.695343
7.444838, 5.439223
6.316949, 18.264007
29.644409, 3.661656

0.015602, 0.016432
0.357678, -0.164165
-0.191749, 0.698250
0.992184, 0.214886
-0.516522, 1.532427
-5.364746, -0.736833
7.423808, 5.465356
6.295184, 18.270430
29.642066, 3.679917

0.015617, 0.016514
0.371193, -0.000342
-0.302242, 0.654392
0.965694, 0.311701
-0.589776, 1.510649
-5.359012, -0.778276
7.402683, 5.491418
6.273411, 18.276829
29.639711, 3.698176

0.015633, 0.016596
0.307112, 0.165577
-0.403975, 0.592953
0.929563, 0.405519
-0.661586, 1.485304
-5.352943, -0.819669
7.381462, 5.517411
6.251628, 18.283202
29.637345, 3.716434

0.015648, 0.016678
0.163178, 0.288597
-0.494156, 0.515646
0.884114, 0.495372
-0.731796, 1.456489
-5.346539, -0.861010
7.360146, 5.543332
6.229837, 18.289549
29.634969, 3.734690

0.015662, 0.016759
-0.027727, 0.323092
-0.570327, 0.424625
0.829767, 0.580319
-0.800256, 1.424300
-5.339801, -0.902296
7.338736, 5.569182
6.208038, 18.295871
29.632581, 3.752945

0.015677, 0.016841
-0.205507, 0.258251
-0.630436, 0.322421
0.767040, 0.659464
-0.866822, 1.388844
-5.332730, -0.943525
7.317232, 5.594961
6.186229, 18.302167
29.630181, 3.771199

0.015691, 0.016923
-0.323457, 0.125361
-0.672891, 0.211865
0.696546, 0.731966
-0.931356, 1.350227
-5.325324, -0.984695
7.295633, 5.620667
6.164412, 18.308438
29.627771, 3.789451

0.015705, 0.017005
-0.368001, -0.032659
-0.696603, 0.096001
0.618986, 0.797045
-0.993726, 1.308562
-5.317586, -1.025801
7.273940, 5.646302
6.142587, 18.314684
29.625350, 3.807702

0.015718, 0.017087
-0.346783, -0.183200
-0.701009, -0.022006
0.535139, 0.853996
-1.053804, 1.263966
-5.309516, -1.066843
7.252154, 5.671863
6.120753, 18.320904
29.622917, 3.825951

0.015731, 0.017169
-0.274555, -0.306241
-0.686079, -0.138962
0.445863, 0.902197
-1.111471, 1.216556
-5.301114, -1.107817
7.230274, 5.697352
6.098911, 18.327099
29.620473, 3.844199

0.015744, 0.017251
-0.166887, -0.390274
-0.652307, -0.251729
0.352077, 0.941118
-1.166611, 1.166457
-5.292380, -1.148722
7.208301, 5.722767
6.077060, 18.333268
29.618018, 3.862446

0.015757, 0.017333
-0.038681, -0.428792
-0.600689, -0.357313
0.254755, 0.970327
-1.219114, 1.113794
-5.283316, -1.189553
7.186235, 5.748109
6.055200, 18.339411
29.615552, 3.880691

0.015769, 0.017415
0.095468, -0.418362
-0.532684, -0.452940
0.154915, 0.989496
-1.268875, 1.058696
-5.273922, -1.230309
7.164076, 5.773376
6.033332, 18.345529
29.613075, 3.898934

0.015781, 0.017496
0.220296, -0.358060
-0.450169, -0.536126
0.053608, 0.998410
-1.315797, 1.001296
-5.264198, -1.270988
7.141825, 5.798569
6.011456, 18.351621
29.610587, 3.917176

0.015792, 0.017578
0.318741, -0.250173
-0.355381, -0.604734
-0.048099, 0.996963
-1.359785, 0.941728
-5.254146, -1.311586
7.119482, 5.823687
5.989572, 18.357688
29.608087, 3.935417

0.015804, 0.017660
0.371177, -0.102614
-0.250856, -0.657020
-0.149131, 0.985166
-1.400751, 0.880129
-5.243765, -1.352102
7.097046, 5.848730
5.967679, 18.363729
29.605577, 3.953656

0.015815, 0.017741
0.356698, 0.066290
-0.139361, -0.691673
-0.248420, 0.963145
-1.438613, 0.816640
-5.233056, -1.392532
7.074519, 5.873697
5.945777, 18.369745
29.603055, 3.971894

0.015825, 0.017823
0.260697, 0.221800
-0.023821, -0.707842
-0.344919, 0.931138
-1.473292, 0.751402
-5.222020, -1.432874
7.051900, 5.898589
5.923868, 18.375735
29.600522, 3.990130

0.015836, 0.017904
0.092710, 0.315155
0.092750, -0.705145
-0.437613, 0.889495
-1.504717, 0.684560
-5.210659, -1.473126
7.029190, 5.923404
5.901950, 18.381699
29.597978, 4.008365

0.015846, 0.017985
-0.100481, 0.310148
0.207325, -0.683680
-0.525529, 0.838670
-1.532821, 0.616262
-5.198971, -1.513285
7.006388, 5.948142
5.880024, 18.387638
29.595423, 4.026598

0.015856, 0.018067
-0.259020, 0.214132
0.316933, -0.644016
-0.607755, 0.779217
-1.557540, 0.546656
-5.186959, -1.553349
6.983496, 5.972804
5.858090, 18.393551
29.592857, 4.044830

0.015865, 0.018148
-0.348900, 0.066884
0.418733, -0.587180
-0.683443, 0.711781
-1.578820, 0.475894
-5.174623, -1.593315
6.960514, 5.997388
5.836148, 18.399438
29.590279, 4.063060

0.015874, 0.018229
-0.366736, -0.091366
0.510074, -0.514633
-0.751819, 0.637092
-1.596609, 0.404130
-5.161963, -1.633180
6.937441, 6.021894
5.814197, 18.405300
29.587691, 4.081289

0.015883, 0.018310
-0.324120, -0.233176
0.588567, -0.428234
-0.812196, 0.555954
-1.610861, 0.331519
-5.148981, -1.672943
6.914278, 6.046323
5.792239, 18.411136
29.585091, 4.099516

0.015892, 0.018391
-0.236509, -0.342297
0.652137, -0.330201
-0.863978, 0.469234
-1.621536, 0.258219
-5.135677, -1.712600
6.891026, 6.070673
5.770272, 18.416946
29.582480, 4.117742

0.015900, 0.018471
-0.119249, -0.409466
0.699079, -0.223060
-0.906663, 0.377852
-1.628598, 0.184389
-5.122052, -1.752149
6.867683, 6.094944
5.748298, 18.422731
29.579859, 4.135966

0.015908, 0.018552
0.012965, -0.429499
0.728103, -0.109585
-0.939852, 0.282769
-1.632020, 0.110192
-5.108107, -1.791588
6.844252, 6.119136
5.726315, 18.428490
29.577225, 4.154188

0.015916, 0.018633
0.145416, -0.399926
0.738371, 0.007261
-0.963247, 0.184978
-1.631777, 0.035792
-5.093843, -1.830915
6.820732, 6.143248
5.704325, 18.434223
29.574581, 4.172409

0.015924, 0.018713
0.262280, -0.320889
0.729529, 0.124405
-0.976657, 0.085489
-1.627853, -0.038648
-5.079260, -1.870125
6.797123, 6.167281
5.682326, 18.439930
29.571926, 4.190629

0.015931, 0.018794
0.345548, -0.196432
0.701721, 0.238738
-0.979995, -0.014678
-1.620235, -0.112958
-5.064360, -1.909219
6.773425, 6.191233
5.660320, 18.445612
29.569260, 4.208847

0.015938, 0.018874
0.374737, -0.037752
0.655595, 0.347194
-0.973277, -0.114508
-1.608919, -0.186971
-5.049143, -1.948192
6.749640, 6.215105
5.638305, 18.451267
29.566582, 4.227063

0.015945, 0.018954
0.329915, 0.131139
0.592299, 0.446833
-0.956620, -0.213000
-1.593906, -0.260515
-5.033610, -1.987042
6.725766, 6.238896
5.616283, 18.456897
29.563893, 4.245278

0.015951, 0.019034
0.203182, 0.268783
0.513457, 0.534929
-0.930242, -0.309173
-1.575203, -0.333419
-5.017762, -2.025767
6.701805, 6.262606
5.594253, 18.462502
29.561193, 4.263491

0.015958, 0.019115
0.018298, 0.326720
0.421134, 0.609041
-0.894452, -0.402083
-1.552825, -0.405509
-5.001601, -2.064365
6.677756, 6.286234
5.572215, 18.468080
29.558482, 4.281702

0.015964, 0.019195
-0.167877, 0.283458
0.317784, 0.667095
-0.849650, -0.490824
-1.526794, -0.476610
-4.985127, -2.102833
6.653620, 6.309780
5.550169, 18.473633
29.555760, 4.299912

0.015969, 0.019275
-0.302174, 0.162511
0.206189, 0.707446
-0.796319, -0.574541
-1.497139, -0.546546
-4.968340, -2.141169
6.629398, 6.333244
5.528116, 18.479159
29.553027, 4.318120

0.015975, 0.019355
-0.363686, 0.006929
0.089381, 0.728932
-0.735022, -0.652435
-1.463895, -0.615139
-4.951243, -2.179369
6.605089, 6.356626
5.506055, 18.484660
29.550283, 4.336327

0.015980, 0.019435
-0.356630, -0.147556
-0.029443, 0.730918
-0.666389, -0.723767
-1.427108, -0.682213
-4.933836, -2.217433
6.580693, 6.379924
5.483986, 18.490135
29.547527, 4.354532

0.015985, 0.019514
-0.294921, -0.278297
-0.147016, 0.713316
-0.591117, -0.787870
-1.386829, -0.747589
-4.916120, -2.255357
6.556212, 6.403139
5.461910, 18.495584
29.544761, 4.372735

0.015989, 0.019594
-0.194183, -0.372170
-0.260097, 0.676593
-0.509960, -0.844146
-1.343119, -0.811089
-4.898097, -2.293139
6.531645, 6.426271
5.439826, 18.501007
29.541983, 4.390937

0.015994, 0.019674
-0.069480, -0.421728
-0.365568, 0.621761
-0.423722, -0.892078
-1.296047, -0.872533
-4.879766, -2.330777
6.506992, 6.449318
5.417734, 18.506405
29.539194, 4.409137

0.015998, 0.019753
0.064595, -0.422916
-0.460530, 0.550344
-0.333248, -0.931226
-1.245692, -0.931744
-4.861130, -2.368268
6.482255, 6.472281
5.395635, 18.511776
29.536395, 4.427336

0.016001, 0.019833
0.193037, -0.374208
-0.542386, 0.464332
-0.239417, -0.961236
-1.192141, -0.988544
-4.842189, -2.405609
6.457432, 6.495160
5.373528, 18.517122
29.533584, 4.445533

0.016005, 0.019912
0.299300, -0.277000
-0.608919, 0.366120
-0.143137, -0.981836
-1.135492, -1.042757
-4.822945, -2.442800
6.432525, 6.517953
5.351414, 18.522441
29.530761, 4.463728

0.016008, 0.019991
0.364361, -0.137556
-0.658356, 0.258434
-0.045333, -0.992844
-1.075850, -1.094208
-4.803399, -2.479836
6.407534, 6.540661
5.329292, 18.527735
29.527928, 4.481921

0.016010, 0.020070
0.367265, 0.028787
-0.689408, 0.144246
0.053057, -0.994165
-1.013334, -1.142724
-4.783551, -2.516716
6.382458, 6.563284
5.307163, 18.533003
29.525084, 4.500113

0.016013, 0.020149
0.290700, 0.191498
-0.701309, 0.026683
0.151093, -0.985792
-0.948071, -1.188137
-4.763403, -2.553438
6.357299, 6.585820
5.285026, 18.538244
29.522228, 4.518303

0.016015, 0.020227
0.136653, 0.303737
-0.693822, -0.091059
0.247838, -0.967805
-0.880199, -1.230278
-4.742957, -2.589998
6.332057, 6.608270
5.262882, 18.543460
29.519362, 4.536492

0.016017, 0.020306
-0.056294, 0.322849
-0.667241, -0.205810
0.342366, -0.940372
-0.809868, -1.268985
-4.722213, -2.626396
6.306731, 6.630634
5.240731, 18.548650
29.516484, 4.554678

0.016018, 0.020384
-0.227305, 0.245154
-0.622373, -0.314512
0.433772, -0.903749
-0.737236, -1.304102
-4.701172, -2.662628
6.281323, 6.652910
5.218572, 18.553813
29.513595, 4.572863

0.016019, 0.020462
-0.334433, 0.105902
-0.560502, -0.414297
0.521175, -0.858273
-0.662478, -1.335475
-4.679836, -2.698692
6.255832, 6.675099
5.196406, 18.558951
29.510695, 4.591047

0.016020, 0.020540
-0.368378, -0.052733
-0.483349, -0.502562
0.603730, -0.804366
-0.585773, -1.362959
-4.658207, -2.734586
6.230258, 6.697200
5.174233, 18.564063
29.507784, 4.609228

0.016021, 0.020618
-0.338553, -0.200180
-0.393022, -0.577029
0.680632, -0.742525
-0.507318, -1.386415
-4.636284, -2.770307
6.204603, 6.719213
5.152052, 18.569148
29.504862, 4.627408

0.016021, 0.020696
-0.260065, -0.317969
-0.291948, -0.635797
0.751126, -0.673327
-0.427318, -1.405713
-4.614071, -2.805853
6.178867, 6.741138
5.129864, 18.574208
29.501929, 4.645586

0.016021, 0.020773
-0.148409, -0.395528
-0.182812, -0.677385
0.814511, -0.597418
-0.345988, -1.420731
-4.591567, -2.841223
6.153048, 6.762975
5.107670, 18.579241
29.498985, 4.663763

0.016021, 0.020850
-0.018397, -0.426892
-0.068489, -0.700762
0.870147, -0.515511
-0.263558, -1.431361
-4.568775, -2.876413
6.127149, 6.784722
5.085468, 18.584249
29.496029, 4.681937

0.016021, 0.020927
0.115348, -0.409009
0.048034, -0.705363
0.917463, -0.428380
-0.180264, -1.437501
-4.545695, -2.911421
6.101170, 6.806380
5.063258, 18.589230
29.493063, 4.700110

0.016020, 0.021004
0.237364, -0.341356
0.163725, -0.691102
0.955964, -0.336857
-0.096355, -1.439067
-4.522329, -2.946246
6.075109, 6.827948
5.041042, 18.594185
29.490085, 4.718281

0.016020, 0.021080
0.330232, -0.226855
0.275586, -0.658366
0.985232, -0.241819
-0.012089, -1.435984
-4.498679, -2.980884
6.048969, 6.849426
5.018819, 18.599114
29.487096, 4.736451

0.016019, 0.021157
0.373964, -0.074609
0.380714, -0.608010
1.004938, -0.144189
0.072266, -1.428194
-4.474745, -3.015334
6.022749, 6.870814
4.996588, 18.604017
29.484097, 4.754618

0.016017, 0.021233
0.347879, 0.094952
0.476379, -0.541329
1.014841, -0.044920
0.156436, -1.415657
-4.450529, -3.049594
5.996449, 6.892112
4.974351, 18.608894
29.481086, 4.772784

0.016016, 0.021309
0.239625, 0.244398
0.560083, -0.460034
1.014793, 0.055007
0.240138, -1.398346
-4.426033, -3.083661
5.970071, 6.913318
4.952107, 18.613745
29.478064, 4.790948

0.016015, 0.021384
0.064075, 0.324507
0.629623, -0.366210
1.004746, 0.154595
0.323085, -1.376255
-4.401257, -3.117532
5.943613, 6.934433
4.929856, 18.618569
29.475030, 4.809110

0.016013, 0.021460
-0.127454, 0.304270
0.683145, -0.262269
0.984750, 0.252842
0.404983, -1.349396
-4.376205, -3.151206
5.917077, 6.955457
4.907597, 18.623368
29.471986, 4.827271

0.016011, 0.021535
-0.277025, 0.197745
0.719195, -0.150900
0.954958, 0.348748
0.485537, -1.317801
-4.350875, -3.184681
5.890463, 6.976389
4.885332, 18.628140
29.468931, 4.845430

0.016009, 0.021611
-0.355816, 0.046564
0.736757, -0.035000
0.915623, 0.441328
0.564447, -1.281523
-4.325272, -3.217954
5.863771, 6.997228
4.863061, 18.632886
29.465865, 4.863586

0.016007, 0.021686
-0.363717, -0.110657
0.735286, 0.082393
0.867100, 0.529620
0.641417, -1.240636
-4.299395, -3.251024
5.837001, 7.017975
4.840782, 18.637606
29.462787, 4.881741

0.016005, 0.021761
-0.313390, -0.248406
0.714733, 0.198173
0.809844, 0.612699
0.716151, -1.195236
-4.273246, -3.283887
5.810154, 7.038630
4.818496, 18.642300
29.459698, 4.899894

0.016002, 0.021835
-0.220405, -0.351729
0.675553, 0.309248
0.744405, 0.689685
0.788354, -1.145441
-4.246828, -3.316542
5.783230, 7.059191
4.796204, 18.646967
29.456599, 4.918046

0.015999, 0.021910
-0.099998, -0.412116
0.618702, 0.412619
0.671425, 0.759757
0.857741, -1.091390
-4.220141, -3.348987
5.756229, 7.079658
4.773905, 18.651608
29.453488, 4.936195

0.015997, 0.021985
0.033189, -0.424842
0.545625, 0.505469
0.591634, 0.822159
0.924033, -1.033247
-4.193187, -3.381219
5.729153, 7.100032
4.751600, 18.656223
29.450366, 4.954343

0.015993, 0.022059
0.164348, -0.387804
0.458220, 0.585237
0.505838, 0.876213
0.986960, -0.971194
-4.165967, -3.413237
5.702000, 7.120312
4.729287, 18.660812
29.447233, 4.972489

0.015990, 0.022133
0.277391, -0.301606
0.358800, 0.649699
0.414915, 0.921327
1.046265, -0.905436
-4.138484, -3.445038
5.674771, 7.140497
4.706968, 18.665374
29.444089, 4.990632

0.015987, 0.022207
0.353919, -0.171093
0.250029, 0.697038
0.319806, 0.957003
1.101703, -0.836199
-4.110738, -3.476620
5.647468, 7.160588
4.684643, 18.669910
29.440934, 5.008775

0.015983, 0.022281
0.373200, -0.008968
0.134851, 0.725902
0.221501, 0.982844
1.153048, -0.763726
-4.082732, -3.507981
5.620089, 7.180583
4.662310, 18.674420
29.437768, 5.026915

0.015979, 0.022355
0.316091, 0.158298
0.016412, 0.735447
0.121030, 0.998560
1.200090, -0.688278
-4.054467, -3.539120
5.592636, 7.200484
4.639972, 18.678903
29.434591, 5.045053

0.015975, 0.022429
0.178159, 0.286904
-0.102039, 0.725372
0.019449, 1.003971
1.242636, -0.610133
-4.025944, -3.570033
5.565109, 7.220289
4.617627, 18.683361
29.431402, 5.063189

0.015971, 0.022503
-0.010991, 0.329949
-0.217238, 0.695933
-0.082168, 0.999012
1.280519, -0.529583
-3.997166, -3.600719
5.537507, 7.239997
4.595275, 18.687792
29.428203, 5.081324

0.015967, 0.022576
-0.192139, 0.272681
-0.326010, 0.647933
-0.182748, 0.983732
1.313589, -0.446933
-3.968134, -3.631175
5.509832, 7.259610
4.572917, 18.692196
29.424992, 5.099456

0.015962, 0.022650
-0.316094, 0.143804
-0.425360, 0.582703
-0.281229, 0.958295
1.341724, -0.362497
-3.938850, -3.661401
5.482084, 7.279126
4.550552, 18.696574
29.421771, 5.117587

0.015957, 0.022723
-0.366722, -0.013557
-0.512566, 0.502061
-0.376571, 0.922977
1.364821, -0.276597
-3.909315, -3.691393
5.454262, 7.298545
4.528181, 18.700926
29.418538, 5.135716

0.015952, 0.022796
-0.350532, -0.165656
-0.585257, 0.408252
-0.467775, 0.878165
1.382807, -0.189563
-3.879532, -3.721149
5.426369, 7.317868
4.505804, 18.705252
29.415295, 5.153843

0.015946, 0.022870
-0.282015, -0.291554
-0.641482, 0.303885
-0.553885, 0.824346
1.395631, -0.101727
-3.849502, -3.750669
5.398403, 7.337092
4.483420, 18.709551
29.412040, 5.171967

0.015940, 0.022942
-0.176769, -0.379185
-0.679762, 0.191844
-0.634010, 0.762106
1.403266, -0.013423
-3.819226, -3.779948
5.370365, 7.356220
4.461030, 18.713824
29.408774, 5.190090

0.015934, 0.023015
-0.049752, -0.421715
-0.699127, 0.075208
-0.707326, 0.692122
1.405713, 0.075018
-3.788707, -3.808987
5.342255, 7.375249
4.438634, 18.718070
29.405497, 5.208211

0.015928, 0.023088
0.084449, -0.415492
-0.699133, -0.042843
-0.773088, 0.615147
1.402995, 0.163266
-3.757946, -3.837782
5.314074, 7.394179
4.416231, 18.722290
29.402209, 5.226330

0.015921, 0.023160
0.210671, -0.359368
-0.679873, -0.159120
-0.830638, 0.532010
1.395160, 0.250998
-3.726946, -3.866332
5.285823, 7.413012
4.393823, 18.726483
29.398910, 5.244448

0.015914, 0.023232
0.312042, -0.255297
-0.641956, -0.270513
-0.879410, 0.443596
1.382278, 0.337895
-3.695707, -3.894634
5.257501, 7.431745
4.371408, 18.730650
29.395600, 5.262563

0.015907, 0.023304
0.369151, -0.110569
-0.586486, -0.374071
-0.918939, 0.350840
1.364441, 0.423652
-3.664233, -3.922687
5.229108, 7.450379
4.348987, 18.734791
29.392278, 5.280676

0.015900, 0.023376
0.361033, 0.057612
-0.515022, -0.467082
-0.948859, 0.254716
1.341760, 0.507972
-3.632524, -3.950489
5.200646, 7.468914
4.326560, 18.738905
29.388946, 5.298787

0.015892, 0.023447
0.271994, 0.216026
-0.429528, -0.547134
-0.968908, 0.156225
1.314368, 0.590570
-3.600582, -3.978038
5.172115, 7.487349
4.304127, 18.742993
29.385603, 5.316896

0.015884, 0.023519
0.108730, 0.316449
-0.332313, -0.612176
-0.978930, 0.056380
1.282412, 0.671176
-3.568411, -4.005332
5.143514, 7.505684
4.281687, 18.747054
29.382248, 5.335003

0.015876, 0.023590
-0.084797, 0.320102
-0.225971, -0.660560
-0.978872, -0.043799
1.246057, 0.749533
-3.536010, -4.032369
5.114845, 7.523919
4.259242, 18.751089
29.378883, 5.353109

0.015867, 0.023660
-0.248083, 0.230419
-0.113313, -0.691078
-0.968786, -0.143300
1.205482, 0.825400
-3.503383, -4.059147
5.086107, 7.542053
4.236791, 18.755098
29.375506, 5.371212

