0.882911, 0.478147
0.787461, 0.775928
0.871813, -0.248622
0.000000, 0.000000
1.506716, -0.784944
5.758126, -0.497007
8.225656, -6.154530
14.984392, 14.244220
30.558169, -3.273982

0.832635, 0.563878
0.572407, 0.774027
0.937888, -0.155649
0.000000, 0.000000
1.531230, -0.653974
5.715735, -0.366143
8.195273, -6.044734
14.917982, 14.345274
30.510069, -3.169997

0.774177, 0.644069
0.415791, 0.710394
0.993050, -0.049543
0.000000, 0.000000
1.545039, -0.524145
5.664765, -0.240744
8.156631, -5.940409
14.843372, 14.440770
30.453776, -3.071550

0.708145, 0.717959
0.324321, 0.625550
1.034962, 0.068252
0.000000, 0.000000
1.548462, -0.396357
5.605821, -0.121574
8.110338, -5.842316
14.761168, 14.529947
30.389897, -2.979402

0.635212, 0.784855
0.288028, 0.547738
1.061495, 0.195905
0.000000, 0.000000
1.541895, -0.271467
5.539578, -0.009330
8.057068, -5.751150
14.672045, 14.612112
30.319106, -2.894248

0.556113, 0.844131
0.292315, 0.493616
1.070792, 0.331234
0.000000, 0.000000
1.525802, -0.150282
5.466767, 0.095360
7.997555, -5.667535
14.576738, 14.686640
30.242137, -2.816710

0.471634, 0.895242
0.322537, 0.472502
1.061319, 0.471737
0.000000, 0.000000
1.500711, -0.033552
5.388176, 0.191946
7.932583, -5.592018
14.476031, 14.752984
30.159776, -2.747337

0.382606, 0.937719
0.364774, 0.489467
1.031920, 0.614649
0.000000, 0.000000
1.467210, 0.078028
5.304634, 0.279955
7.862985, -5.525068
14.370756, 14.810676
30.072855, -2.686597

0.289897, 0.971175
0.405225, 0.546863
0.981855, 0.756990
0.000000, 0.000000
1.425938, 0.183830
5.217008, 0.358997
7.789629, -5.467070
14.261782, 14.859329
29.982242, -2.634875

0.194405, 0.995311
0.429150, 0.644563
0.910838, 0.895632
0.000000, 0.000000
1.377583, 0.283292
5.126198, 0.428769
7.713411, -5.418327
14.150007, 14.898644
29.888834, -2.592473

0.097051, 1.009910
0.419751, 0.778858
0.819069, 1.027364
0.000000, 0.000000
1.322875, 0.375920
5.033120, 0.489051
7.635253, -5.379052
14.036350, 14.928405
29.793553, -2.559605

-0.001232, 1.014847
0.357714, 0.939457
0.707248, 1.148968
0.000000, 0.000000
1.262575, 0.461296
4.938711, 0.539712
7.556087, -5.349375
13.921746, 14.948484
29.697331, -2.536400

-0.099503, 1.010080
0.223637, 1.104070
0.576583, 1.257297
0.000000, 0.000000
1.197478, 0.539077
4.843908, 0.580710
7.476853, -5.329333
13.807134, 14.958842
29.601109, -2.522895

-0.196823, 0.995661
0.008289, 1.233191
0.428787, 1.349359
0.000000, 0.000000
1.128398, 0.608996
4.749651, 0.612089
7.398492, -5.318879
13.693455, 14.959529
29.505826, -2.519042

-0.292262, 0.971725
-0.267964, 1.277903
0.266057, 1.422394
0.000000, 0.000000
1.056164, 0.670869
4.656870, 0.633984
7.321932, -5.317875
13.581639, 14.950682
29.412413, -2.524704

-0.384906, 0.938496
-0.549752, 1.212187
0.091044, 1.473961
0.000000, 0.000000
0.981614, 0.724588
4.566478, 0.646613
7.248088, -5.326100
13.472599, 14.932523
29.321784, -2.539658

-0.473864, 0.896282
-0.780480, 1.055511
-0.093197, 1.502012
0.000000, 0.000000
0.905588, 0.770131
4.479365, 0.650281
7.177850, -5.343244
13.367226, 14.905360
29.234828, -2.563596

-0.558279, 0.845474
-0.934629, 0.850862
-0.283264, 1.504963
0.000000, 0.000000
0.828918, 0.807554
4.396390, 0.645374
7.112075, -5.368917
13.266378, 14.869585
29.152405, -2.596127

-0.637329, 0.786542
-1.013648, 0.635880
-0.475485, 1.481756
0.000000, 0.000000
0.752424, 0.836996
4.318372, 0.632361
7.051585, -5.402648
13.170876, 14.825668
29.075335, -2.636780

-0.710241, 0.720035
-1.030149, 0.435112
-0.666007, 1.431902
0.000000, 0.000000
0.676903, 0.858676
4.246086, 0.611785
6.997152, -5.443891
13.081494, 14.774157
29.004391, -2.685006

-0.776293, 0.646574
-0.999034, 0.263148
-0.850883, 1.355520
0.000000, 0.000000
0.603124, 0.872890
4.180252, 0.584264
6.949499, -5.492023
12.998954, 14.715674
28.940296, -2.740186

-0.834822, 0.566848
-0.934797, 0.128611
-1.026183, 1.253349
0.000000, 0.000000
0.531820, 0.880011
4.121534, 0.550483
6.909287, -5.546356
12.923917, 14.650908
28.883712, -2.801629

-0.885232, 0.481610
-0.851455, 0.036616
-1.188089, 1.126745
0.000000, 0.000000
0.463679, 0.880485
4.070527, 0.511191
6.877113, -5.606137
12.856981, 14.580610
28.835235, -2.868583

-0.927000, 0.391670
-0.763389, -0.010232
-1.333006, 0.977659
0.000000, 0.000000
0.399335, 0.874825
4.027755, 0.467195
6.853501, -5.670556
12.798669, 14.505593
28.795389, -2.940238

-0.959679, 0.297891
-0.686468, -0.012085
-1.457656, 0.808599
0.000000, 0.000000
0.339366, 0.863609
3.993665, 0.419354
6.838895, -5.738751
12.749427, 14.426718
28.764621, -3.015730

-0.982907, 0.201179
-0.639047, 0.026395
-1.559167, 0.622566
0.000000, 0.000000
0.284283, 0.847472
3.968617, 0.368569
6.833658, -5.809816
12.709618, 14.344892
28.743291, -3.094154

-0.996411, 0.102478
-0.641717, 0.092118
-1.635152, 0.422987
0.000000, 0.000000
0.234523, 0.827102
3.952887, 0.315781
6.838065, -5.882808
12.679515, 14.261057
28.731675, -3.174567

-1.000008, 0.002758
-0.712568, 0.157501
-1.683772, 0.213627
0.000000, 0.000000
0.190448, 0.803227
3.946656, 0.261957
6.852295, -5.956755
12.659300, 14.176185
28.729954, -3.255997

-0.993614, -0.096989
-0.852747, 0.178057
-1.703781, -0.001504
0.000000, 0.000000
0.152332, 0.776616
3.950008, 0.208085
6.876434, -6.030667
12.649058, 14.091268
28.738212, -3.337452

-0.977242, -0.195760
-1.027945, 0.109825
-1.694556, -0.218252
0.000000, 0.000000
0.120365, 0.748062
3.962931, 0.155163
6.910468, -6.103542
12.648775, 14.007308
28.756436, -3.417931

-0.951008, -0.292555
-1.177897, -0.055230
-1.656105, -0.432419
0.000000, 0.000000
0.094642, 0.718373
3.985309, 0.104188
6.954281, -6.174378
12.658336, 13.925305
28.784511, -3.496432

-0.915129, -0.386382
-1.257262, -0.283753
-1.589069, -0.639863
0.000000, 0.000000
0.075168, 0.688369
4.016925, 0.056149
7.007657, -6.242184
12.677524, 13.846251
28.822221, -3.571964

-0.869922, -0.476270
-1.253891, -0.531987
-1.494690, -0.836595
0.000000, 0.000000
0.061849, 0.658861
4.057463, 0.012013
7.070277, -6.305990
12.706022, 13.771118
28.869246, -3.643556

-0.815805, -0.561278
-1.176328, -0.766886
-1.374784, -1.018867
0.000000, 0.000000
0.054498, 0.630650
4.106504, -0.027285
7.141723, -6.364856
12.743411, 13.700846
28.925169, -3.710267

-0.753295, -0.640511
-1.039952, -0.967929
-1.231688, -1.183253
0.000000, 0.000000
0.052834, 0.604508
4.163533, -0.060851
7.221479, -6.417885
12.789176, 13.636330
28.989474, -3.771201

-0.683000, -0.713123
-0.860935, -1.123012
-1.068199, -1.326719
0.000000, 0.000000
0.056484, 0.581171
4.227941, -0.087844
7.308935, -6.464232
12.842707, 13.578416
29.061553, -3.825514

-0.605618, -0.778335
-0.654859, -1.224991
-0.887515, -1.446685
0.000000, 0.000000
0.064988, 0.561329
4.299031, -0.107489
7.403394, -6.503119
12.903306, 13.527884
29.140706, -3.872425

-0.521929, -0.835439
-0.437106, -1.269834
-0.693150, -1.541068
0.000000, 0.000000
0.077806, 0.545612
4.376024, -0.119081
7.504077, -6.533838
12.970196, 13.485441
29.226156, -3.911227

-0.432784, -0.883810
-0.223838, -1.256096
-0.488866, -1.608326
0.000000, 0.000000
0.094322, 0.534581
4.458067, -0.121999
7.610129, -6.555764
13.042522, 13.451712
29.317050, -3.941295

-0.339104, -0.922916
-0.033119, -1.185697
-0.278587, -1.647478
0.000000, 0.000000
0.113853, 0.528724
4.544243, -0.115715
7.720634, -6.568365
13.119366, 13.427229
29.412468, -3.962097

-0.241859, -0.952321
0.114367, -1.066408
-0.066314, -1.658118
0.000000, 0.000000
0.135659, 0.528440
4.633580, -0.099796
7.834616, -6.571206
13.199756, 13.412428
29.511438, -3.973197

-0.142067, -0.971696
0.196753, -0.916738
0.143952, -1.640420
0.000000, 0.000000
0.158953, 0.534037
4.725061, -0.073918
7.951061, -6.563957
13.282674, 13.407638
29.612944, -3.974265

-0.040777, -0.980819
0.198917, -0.771876
0.348299, -1.595127
0.000000, 0.000000
0.182915, 0.545727
4.817639, -0.037863
8.068919, -6.546399
13.367074, 13.413081
29.715936, -3.965082

0.060943, -0.979585
0.130631, -0.680639
0.542978, -1.523532
0.000000, 0.000000
0.206697, 0.563620
4.910246, 0.008473
8.187121, -6.518424
13.451885, 13.428863
29.819348, -3.945538

0.162020, -0.967998
0.038791, -0.678014
0.724482, -1.427448
0.000000, 0.000000
0.229444, 0.587722
5.001809, 0.065078
8.304593, -6.480038
13.536035, 13.454977
29.922104, -3.915642

0.261384, -0.946183
-0.018200, -0.755057
0.889623, -1.309167
0.000000, 0.000000
0.250300, 0.617933
5.091259, 0.131828
8.420267, -6.431366
13.618454, 13.491302
30.023136, -3.875516

0.357988, -0.914373
-0.008675, -0.871681
1.035589, -1.171410
0.000000, 0.000000
0.268423, 0.654052
5.177551, 0.208483
8.533094, -6.372641
13.698095, 13.537602
30.121396, -3.825395

0.450814, -0.872914
0.068871, -0.988368
1.160013, -1.017268
0.000000, 0.000000
0.283000, 0.695774
5.259666, 0.294693
8.642057, -6.304210
13.773940, 13.593531
30.215867, -3.765624

0.538892, -0.822259
0.201572, -1.078612
1.261020, -0.850132
0.000000, 0.000000
0.293254, 0.742699
5.336636, 0.390004
8.746185, -6.226525
13.845019, 13.658638
30.305577, -3.696655

0.621303, -0.762958
0.373009, -1.127052
1.337270, -0.673615
0.000000, 0.000000
0.298460, 0.794334
5.407543, 0.493861
8.844559, -6.140137
13.910413, 13.732372
30.389610, -3.619039

0.697199, -0.695654
0.567004, -1.125268
1.387985, -0.491471
0.000000, 0.000000
0.297951, 0.850100
5.471539, 0.605616
8.936330, -6.045690
13.969274, 13.814090
30.467116, -3.533420

0.765803, -0.621074
0.768099, -1.068928
1.412969, -0.307505
0.000000, 0.000000
0.291133, 0.909344
5.527850, 0.724539
9.020723, -5.943910
14.020826, 13.903063
30.537319, -3.440524

0.826427, -0.540021
0.960862, -0.956464
1.412610, -0.125480
0.000000, 0.000000
0.277487, 0.971341
5.575786, 0.849825
9.097047, -5.835601
14.064378, 13.998491
30.599529, -3.341153

0.878469, -0.453359
1.128810, -0.789007
1.387868, 0.050975
0.000000, 0.000000
0.256579, 1.035312
5.614748, 0.980605
9.164702, -5.721627
14.099332, 14.099508
30.653146, -3.236173

0.921426, -0.362008
1.253339, -0.571720
1.340244, 0.218456
0.000000, 0.000000
0.228067, 1.100428
5.644235, 1.115955
9.223184, -5.602909
14.125183, 14.205196
30.697667, -3.126503

0.954896, -0.266929
1.313505, -0.317131
1.271741, 0.373874
0.000000, 0.000000
0.191701, 1.165822
5.663843, 1.254912
9.272090, -5.480406
14.141529, 14.314592
30.732689, -3.013103

0.978577, -0.169112
1.289262, -0.050845
1.184798, 0.514526
0.000000, 0.000000
0.147332, 1.230605
5.673275, 1.396480
9.311120, -5.355111
14.148068, 14.426706
30.757911, -2.896966

0.992276, -0.069569
1.173345, 0.184072
1.082224, 0.638171
0.000000, 0.000000
0.094906, 1.293870
5.672336, 1.539645
9.340079, -5.228035
14.144607, 14.540527
30.773139, -2.779101

0.995902, 0.030681
0.990877, 0.338460
0.967106, 0.743080
0.000000, 0.000000
0.034469, 1.354707
5.660938, 1.683384
9.358875, -5.100198
14.131056, 14.655036
30.778282, -2.660529

0.989468, 0.130622
0.799412, 0.391455
0.842722, 0.828069
0.000000, 0.000000
-0.033833, 1.412212
5.639094, 1.826678
9.367523, -4.972615
14.107427, 14.769216
30.773354, -2.542264

0.973090, 0.229251
0.651305, 0.366937
0.712438, 0.892528
0.000000, 0.000000
-0.109760, 1.465501
5.606923, 1.968519
9.366137, -4.846290
14.073836, 14.882064
30.758470, -2.425311

0.946980, 0.325588
0.566459, 0.307065
0.579608, 0.936414
0.000000, 0.000000
-0.192978, 1.513713
5.564638, 2.107926
9.354931, -4.722203
14.030496, 14.992602
30.733843, -2.310648

0.911448, 0.418687
0.540349, 0.246143
0.447474, 0.960233
0.000000, 0.000000
-0.283067, 1.556024
5.512549, 2.243946
9.334213, -4.601301
13.977716, 15.099881
30.699783, -2.199223

0.866890, 0.507641
0.559285, 0.205478
0.319078, 0.965008
0.000000, 0.000000
-0.379519, 1.591656
5.451055, 2.375670
9.304379, -4.484491
13.915893, 15.202996
30.656685, -2.091943

0.813788, 0.591592
0.608117, 0.197059
0.197174, 0.952225
0.000000, 0.000000
-0.481751, 1.619880
5.380639, 2.502238
9.265911, -4.372631
13.845508, 15.301089
30.605031, -1.989664

0.752702, 0.669739
0.672360, 0.227367
0.084162, 0.923766
0.000000, 0.000000
-0.589105, 1.640028
5.301861, 2.622845
9.219369, -4.266521
13.767121, 15.393358
30.545381, -1.893189

0.684261, 0.741344
0.738053, 0.299608
-0.017971, 0.881834
0.000000, 0.000000
-0.700858, 1.651497
5.215354, 2.736747
9.165381, -4.166902
13.681362, 15.479065
30.478366, -1.803255

0.609161, 0.805735
0.790850, 0.414533
-0.107689, 0.828870
0.000000, 0.000000
-0.816228, 1.653753
5.121813, 2.843271
9.104645, -4.074445
13.588927, 15.557539
30.404680, -1.720534

0.528154, 0.862314
0.814880, 0.570005
-0.183928, 0.767465
0.000000, 0.000000
-0.934381, 1.646338
5.021995, 2.941816
9.037910, -3.989747
13.490567, 15.628181
30.325076, -1.645624

0.442043, 0.910559
0.791832, 0.758984
-0.246106, 0.700278
0.000000, 0.000000
-1.054439, 1.628874
4.916701, 3.031855
8.965981, -3.913331
13.387086, 15.690470
30.240356, -1.579046

0.351673, 0.950032
0.701594, 0.965234
-0.294114, 0.629946
0.000000, 0.000000
-1.175484, 1.601067
4.806779, 3.112947
8.889701, -3.845638
13.279328, 15.743966
30.151365, -1.521241

0.257922, 0.980372
0.528114, 1.157204
-0.328292, 0.559009
0.000000, 0.000000
-1.296573, 1.562705
4.693110, 3.184728
8.809949, -3.787024
13.168171, 15.788311
30.058982, -1.472567

0.161697, 1.001310
0.275429, 1.287401
-0.349397, 0.489841
0.000000, 0.000000
-1.416739, 1.513667
4.576601, 3.246925
8.727631, -3.737763
13.054524, 15.823233
29.964114, -1.433296

0.063923, 1.012658
-0.015578, 1.313876
-0.358559, 0.424583
0.000000, 0.000000
-1.534999, 1.453919
4.458180, 3.299348
8.643673, -3.698041
12.939310, 15.848547
29.867685, -1.403612

-0.034462, 1.014320
-0.283115, 1.234638
-0.357227, 0.365094
0.000000, 0.000000
-1.650368, 1.383518
4.338785, 3.341896
8.559012, -3.667955
12.823468, 15.864154
29.770633, -1.383614

-0.132518, 1.006287
-0.485528, 1.085797
-0.347112, 0.312906
0.000000, 0.000000
-1.761860, 1.302610
4.219360, 3.374557
8.474588, -3.647514
12.707937, 15.870046
29.673899, -1.373311

-0.229307, 0.988636
-0.613595, 0.909365
-0.330130, 0.269195
0.000000, 0.000000
-1.868498, 1.211434
4.100844, 3.397406
8.391338, -3.636641
12.593656, 15.866301
29.578421, -1.372624

-0.323904, 0.961535
-0.676210, 0.735580
-0.308330, 0.234757
0.000000, 0.000000
-1.969324, 1.110314
3.984163, 3.410606
8.310188, -3.635169
12.481550, 15.853085
29.485123, -1.381388

-0.415402, 0.925235
-0.687658, 0.582788
-0.283835, 0.210001
0.000000, 0.000000
-2.063402, 0.999666
3.870227, 3.414406
8.232044, -3.642846
12.372526, 15.830652
29.394912, -1.399349

-0.502921, 0.880073
-0.662540, 0.461673
-0.258774, 0.194939
0.000000, 0.000000
-2.149831, 0.879991
3.759918, 3.409140
8.157787, -3.659337
12.267463, 15.799335
29.308670, -1.426171

-0.585613, 0.826466
-0.614804, 0.378478
-0.235218, 0.189202
0.000000, 0.000000
-2.227748, 0.751871
3.654084, 3.395221
8.088262, -3.684224
12.167209, 15.759556
29.227241, -1.461437

-0.662675, 0.764913
-0.558282, 0.336651
-0.215123, 0.192052
0.000000, 0.000000
-2.296338, 0.615973
3.553534, 3.373145
8.024276, -3.717008
12.072570, 15.711809
29.151432, -1.504649

-0.733348, 0.695987
-0.507730, 0.337177
-0.200264, 0.202407
0.000000, 0.000000
-2.354838, 0.473038
3.459025, 3.343481
7.966585, -3.757119
11.984301, 15.656669
29.082001, -1.555233

-0.796929, 0.620331
-0.479953, 0.377601
-0.192188, 0.218877
0.000000, 0.000000
-2.402551, 0.323883
3.371264, 3.306870
7.915891, -3.803911
11.903107, 15.594780
29.019649, -1.612547

-0.852779, 0.538657
-0.494377, 0.449209
-0.192159, 0.239803
0.000000, 0.000000
-2.438843, 0.169392
3.290891, 3.264021
7.872835, -3.856673
11.829627, 15.526853
28.965017, -1.675877

-0.900325, 0.451739
-0.571012, 0.531791
-0.201121, 0.263306
0.000000, 0.000000
-2.463160, 0.010510
3.218483, 3.215704
7.837989, -3.914633
11.764434, 15.453662
28.918677, -1.744451

-0.939068, 0.360404
-0.721065, 0.588090
-0.219653, 0.287341
0.000000, 0.000000
-2.475026, -0.151757
3.154540, 3.162743
7.811851, -3.976963
11.708026, 15.376034
28.881129, -1.817441

-0.968591, 0.265532
-0.927855, 0.569767
-0.247950, 0.309765
0.000000, 0.000000
-2.474053, -0.316356
3.099482, 3.106015
7.794840, -4.042784
11.660822, 15.294847
28.852789, -1.893969

-0.988559, 0.168040
-1.138711, 0.448157
-0.285798, 0.328394
0.000000, 0.000000
-2.459946, -0.482189
3.053644, 3.046436
7.787288, -4.111178
11.623154, 15.211023
28.833992, -1.973114

-0.998731, 0.068884
-1.296078, 0.239881
-0.332571, 0.341084
0.000000, 0.000000
-2.432509, -0.648126
3.017272, 2.984956
7.789438, -4.181190
11.595267, 15.125513
28.824981, -2.053924

-0.998956, -0.030957
-1.372276, -0.012095
-0.387232, 0.345799
0.000000, 0.000000
-2.391646, -0.813007
2.990517, 2.922552
7.801439, -4.251843
11.577309, 15.039298
28.825904, -2.135418

-0.989184, -0.130488
-1.367907, -0.268585
-0.448352, 0.340685
0.000000, 0.000000
-2.337368, -0.975658
2.973434, 2.860216
7.823344, -4.322139
11.569332, 14.953373
28.836813, -2.216601

-0.969460, -0.228705
-1.295924, -0.503545
-0.514142, 0.324144
0.000000, 0.000000
-2.269794, -1.134899
2.965977, 2.798949
7.855104, -4.391078
11.571288, 14.868741
28.857662, -2.296471

-0.939936, -0.324610
-1.172075, -0.701336
-0.582494, 0.294901
0.000000, 0.000000
-2.189153, -1.289551
2.967999, 2.739748
7.896569, -4.457658
11.583028, 14.786401
28.888300, -2.374027

-0.900861, -0.417216
-1.011827, -0.852643
-0.651040, 0.252063
0.000000, 0.000000
-2.095788, -1.438451
2.979253, 2.683594
7.947489, -4.520896
11.604302, 14.707341
28.928477, -2.448284

-0.852588, -0.505561
-0.830164, -0.951900
-0.717222, 0.195170
0.000000, 0.000000
-1.990148, -1.580461
2.999387, 2.631449
8.007512, -4.579828
11.634757, 14.632520
28.977840, -2.518279

-0.795569, -0.588718
-0.642377, -0.996176
-0.778371, 0.124234
0.000000, 0.000000
-1.872796, -1.714480
3.027954, 2.584234
8.076185, -4.633530
11.673941, 14.562867
29.035939, -2.583086

-0.730351, -0.665808
-0.465166, -0.985325
-0.831794, 0.039755
0.000000, 0.000000
-1.744397, -1.839455
3.064407, 2.542829
8.152960, -4.681120
11.721308, 14.499262
29.102224, -2.641826

-0.657573, -0.736006
-0.317667, -0.923589
-0.874862, -0.057266
0.000000, 0.000000
-1.605724, -1.954393
3.108110, 2.508053
8.237199, -4.721775
11.776217, 14.442527
29.176057, -2.693672

-0.577963, -0.798554
-0.221376, -0.823316
-0.905109, -0.165345
0.000000, 0.000000
-1.457642, -2.058372
3.158338, 2.480662
8.328173, -4.754738
11.837941, 14.393422
29.256712, -2.737870

-0.492326, -0.852773
-0.195988, -0.710932
-0.920314, -0.282543
0.000000, 0.000000
-1.301108, -2.150549
3.214290, 2.461333
8.425079, -4.779329
11.905677, 14.352625
29.343383, -2.773737

-0.401537, -0.898069
-0.245854, -0.630175
-0.918587, -0.406514
0.000000, 0.000000
-1.137163, -2.230174
3.275091, 2.450659
8.527039, -4.794954
11.978547, 14.320732
29.435193, -2.800680

-0.306534, -0.933939
-0.340849, -0.626907
-0.898442, -0.534566
0.000000, 0.000000
-0.966917, -2.296594
3.339806, 2.449136
8.633116, -4.801113
12.055613, 14.298243
29.531205, -2.818198

-0.208308, -0.959985
-0.422314, -0.713736
-0.858853, -0.663740
0.000000, 0.000000
-0.791547, -2.349265
3.407449, 2.457163
8.742319, -4.797405
12.135887, 14.285559
29.630430, -2.825891

-0.107887, -0.975913
-0.443167, -0.860480
-0.799301, -0.790889
0.000000, 0.000000
-0.612278, -2.387758
3.476993, 2.475030
8.853621, -4.783537
12.218339, 14.282972
29.731838, -2.823465

-0.006327, -0.981540
-0.389484, -1.023891
-0.719797, -0.912774
0.000000, 0.000000
-0.430374, -2.411761
3.547384, 2.502918
8.965963, -4.759328
12.301913, 14.290665
29.834373, -2.810738

0.095299, -0.976797
-0.269375, -1.170652
-0.620897, -1.026156
0.000000, 0.000000
-0.247128, -2.421088
3.617553, 2.540892
9.078274, -4.724708
12.385537, 14.308707
29.936964, -2.787642

0.195918, -0.961731
-0.098535, -1.280284
-0.503690, -1.127885
0.000000, 0.000000
-0.063842, -2.415676
3.686429, 2.588903
9.189480, -4.679725
12.468137, 14.337051
30.038535, -2.754221

0.294466, -0.936503
0.106379, -1.341137
-0.369779, -1.214996
0.000000, 0.000000
0.118178, -2.395589
3.752951, 2.646790
9.298518, -4.624539
12.548650, 14.375538
30.138025, -2.710638

0.389905, -0.901385
0.329389, -1.346803
-0.221238, -1.284783
0.000000, 0.000000
0.297643, -2.361019
3.816084, 2.714275
9.404349, -4.559424
12.626038, 14.423893
30.234394, -2.657165

0.481232, -0.856760
0.554900, -1.294118
-0.060570, -1.334878
0.000000, 0.000000
0.473290, -2.312277
3.874827, 2.790975
9.505969, -4.484762
12.699296, 14.481735
30.326639, -2.594184

0.567492, -0.803114
0.766752, -1.182526
0.109363, -1.363309
0.000000, 0.000000
0.643896, -2.249795
3.928229, 2.876400
9.602423, -4.401039
12.767471, 14.548578
30.413806, -2.522182

0.647790, -0.741030
0.947098, -1.014718
0.285397, -1.368554
0.000000, 0.000000
0.808287, -2.174119
3.975397, 2.969966
9.692818, -4.308840
12.829668, 14.623837
30.495000, -2.441741

0.721301, -0.671181
1.075611, -0.798936
0.464148, -1.349579
0.000000, 0.000000
0.965356, -2.085900
4.015509, 3.070997
9.776326, -4.208838
12.885061, 14.706841
30.569395, -2.353536

0.787278, -0.594321
1.130610, -0.553635
0.642087, -1.305867
0.000000, 0.000000
1.114065, -1.985890
4.047821, 3.178737
9.852202, -4.101785
12.932904, 14.796835
30.636244, -2.258318

0.845060, -0.511274
1.096220, -0.313526
0.815615, -1.237428
0.000000, 0.000000
1.253459, -1.874930
4.071675, 3.292359
9.919783, -3.988508
12.972535, 14.892996
30.694887, -2.156913

0.894079, -0.422924
0.979818, -0.127972
0.981147, -1.144808
0.000000, 0.000000
1.382676, -1.753942
4.086506, 3.410977
9.978503, -3.869890
13.003388, 14.994439
30.744756, -2.050206

0.933866, -0.330206
0.826169, -0.035572
1.135187, -1.029082
0.000000, 0.000000
1.500946, -1.623919
4.091847, 3.533654
10.027891, -3.746867
13.024992, 15.100228
30.785382, -1.939130

0.964053, -0.234093
0.695162, -0.032110
1.274404, -0.891832
0.000000, 0.000000
1.607603, -1.485911
4.087334, 3.659415
10.067579, -3.620412
13.036979, 15.209393
30.816395, -1.824658

0.984375, -0.135584
0.622159, -0.079547
1.395706, -0.735123
0.000000, 0.000000
1.702088, -1.341020
4.072704, 3.787259
10.097303, -3.491523
13.039085, 15.320933
30.837532, -1.707789

0.994672, -0.035693
0.611485, -0.138203
1.496304, -0.561468
0.000000, 0.000000
1.783950, -1.190383
4.047802, 3.916169
10.116902, -3.361216
13.031150, 15.433833
30.848634, -1.589539

0.994890, 0.064561
0.651865, -0.181034
1.573777, -0.373779
0.000000, 0.000000
1.852848, -1.035165
4.012574, 4.045125
10.126322, -3.230511
13.013120, 15.547076
30.849644, -1.470925

0.985077, 0.164165
0.727935, -0.192385
1.626129, -0.175315
0.000000, 0.000000
1.908554, -0.876547
3.967074, 4.173110
10.125611, -3.100420
12.985042, 15.659647
30.840612, -1.352962

0.965381, 0.262122
0.824459, -0.163743
1.651840, 0.030376
0.000000, 0.000000
1.950951, -0.715712
3.911451, 4.299128
10.114917, -2.971939
12.947065, 15.770552
30.821686, -1.236644

0.936050, 0.357464
0.926965, -0.090751
1.649903, 0.239530
0.000000, 0.000000
1.980029, -0.553840
3.845956, 4.422207
10.094487, -2.846038
12.899437, 15.878820
30.793113, -1.122941

0.897420, 0.449257
1.021095, 0.028236
1.619861, 0.448239
0.000000, 0.000000
1.995888, -0.392096
3.770931, 4.541410
10.064658, -2.723653
12.842494, 15.983518
30.755230, -1.012788

0.849920, 0.536609
1.091533, 0.192315
1.561830, 0.652533
0.000000, 0.000000
1.998730, -0.231617
3.686803, 4.655846
10.025857, -2.605673
12.776664, 16.083754
30.708464, -0.907074

0.794056, 0.618682
1.120901, 0.396836
1.476507, 0.848463
0.000000, 0.000000
1.988858, -0.073507
3.594086, 4.764672
9.978592, -2.492938
12.702454, 16.178691
30.653324, -0.806640

0.730413, 0.694695
1.089399, 0.630258
1.365170, 1.032190
0.000000, 0.000000
1.966671, 0.081170
3.493366, 4.867108
9.923447, -2.386229
12.620450, 16.267546
30.590394, -0.712265

0.659644, 0.763931
0.977563, 0.868597
1.229662, 1.200075
0.000000, 0.000000
1.932656, 0.231404
3.385300, 4.962433
9.861075, -2.286263
12.531303, 16.349603
30.520326, -0.624667

0.582465, 0.825744
0.777232, 1.070532
1.072363, 1.348766
0.000000, 0.000000
1.887388, 0.376240
3.270605, 5.050000
9.792191, -2.193687
12.435730, 16.424216
30.443836, -0.544492

0.499645, 0.879562
0.511123, 1.186727
0.896143, 1.475280
0.000000, 0.000000
1.831518, 0.514789
3.150054, 5.129234
9.717565, -2.109074
12.334499, 16.490812
30.361694, -0.472313

0.412001, 0.924888
0.235976, 1.193180
0.704307, 1.577083
0.000000, 0.000000
1.765768, 0.646233
3.024469, 5.199640
9.638013, -2.032919
12.228429, 16.548897
30.274716, -0.408623

0.320390, 0.961312
0.006928, 1.111225
0.500519, 1.652160
0.000000, 0.000000
1.690927, 0.769829
2.894710, 5.260801
9.554393, -1.965635
12.118377, 16.598057
30.183761, -0.353838

0.225703, 0.988503
-0.152675, 0.983446
0.288716, 1.699064
0.000000, 0.000000
1.607838, 0.884915
2.761668, 5.312388
9.467594, -1.907552
12.005231, 16.637963
30.089717, -0.308284

0.128851, 1.006218
-0.245358, 0.845941
0.073019, 1.716965
0.000000, 0.000000
1.517397, 0.990914
2.626261, 5.354156
9.378529, -1.858912
11.889906, 16.668373
29.993497, -0.272205

0.030766, 1.014303
-0.283902, 0.721759
-0.142374, 1.705666
0.000000, 0.000000
1.420539, 1.087340
2.489423, 5.385948
9.288129, -1.819873
11.773331, 16.689130
29.896033, -0.245758

-0.067613, 1.012688
-0.282998, 0.624297
-0.353289, 1.665617
0.000000, 0.000000
1.318232, 1.173797
2.352095, 5.407693
9.197331, -1.790501
11.656446, 16.700167
29.798263, -0.229010

-0.165346, 1.001394
-0.256810, 0.561222
-0.555685, 1.597895
0.000000, 0.000000
1.211470, 1.249982
2.215221, 5.419412
9.107078, -1.770778
11.540192, 16.701504
29.701128, -0.221940

-0.261499, 0.980530
-0.219003, 0.536818
-0.745752, 1.504175
0.000000, 0.000000
1.101263, 1.315690
2.079739, 5.421210
9.018303, -1.760595
11.425502, 16.693249
29.605562, -0.224441

-0.355151, 0.950291
-0.183619, 0.552918
-0.920004, 1.386681
0.000000, 0.000000
0.988628, 1.370811
1.946573, 5.413281
8.931925, -1.759757
11.313297, 16.675598
29.512485, -0.236317

-0.445404, 0.910957
-0.166207, 0.608564
-1.075362, 1.248120
0.000000, 0.000000
0.874579, 1.415333
1.816624, 5.395905
8.848844, -1.767984
11.204475, 16.648830
29.422796, -0.257287

-0.531388, 0.862892
-0.184788, 0.698151
-1.209222, 1.091605
0.000000, 0.000000
0.760123, 1.449338
1.690765, 5.369445
8.769928, -1.784912
11.099906, 16.613311
29.337364, -0.286987

-0.612269, 0.806543
-0.259451, 0.807339
-1.319509, 0.920571
0.000000, 0.000000
0.646244, 1.473004
1.569833, 5.334344
8.696012, -1.810096
11.000425, 16.569486
29.257024, -0.324972

-0.687258, 0.742433
-0.407138, 0.906952
-1.404710, 0.738678
0.000000, 0.000000
0.533902, 1.486603
1.454622, 5.291124
8.627886, -1.843013
10.906820, 16.517878
29.182564, -0.370719

-0.755615, 0.671158
-0.626494, 0.951290
-1.463897, 0.549720
0.000000, 0.000000
0.424017, 1.490495
1.345874, 5.240383
8.566288, -1.883065
10.819831, 16.459084
29.114726, -0.423630

-0.816657, 0.593387
-0.880014, 0.897341
-1.496726, 0.357529
0.000000, 0.000000
0.317466, 1.485127
1.244276, 5.182785
8.511902, -1.929585
10.740142, 16.393773
29.054191, -0.483036

-0.869766, 0.509853
-1.106356, 0.739922
-1.503426, 0.165881
0.000000, 0.000000
0.215072, 1.471028
1.150449, 5.119064
8.465345, -1.981841
10.668370, 16.322677
29.001577, -0.548206

-0.914394, 0.421348
-1.261496, 0.513934
-1.484775, -0.021582
0.000000, 0.000000
0.117598, 1.448802
1.064944, 5.050009
8.427165, -2.039041
10.605064, 16.246589
28.957433, -0.618347

-0.950069, 0.328718
-1.334369, 0.262689
-1.442058, -0.201438
0.000000, 0.000000
0.025735, 1.419127
0.988237, 4.976467
8.397834, -2.100338
10.550695, 16.166355
28.922231, -0.692612

-0.976401, 0.232856
-1.333490, 0.018290
-1.377022, -0.370545
0.000000, 0.000000
-0.059899, 1.382741
0.920721, 4.899329
8.377743, -2.164841
10.505654, 16.082867
28.896361, -0.770110

-0.993086, 0.134694
-1.273572, -0.199388
-1.291815, -0.526107
0.000000, 0.000000
-0.138769, 1.340441
0.862703, 4.819525
8.367194, -2.231617
10.470244, 15.997058
28.880126, -0.849907

-0.999913, 0.035196
-1.169932, -0.378530
-1.188933, -0.665715
0.000000, 0.000000
-0.210427, 1.293069
0.814398, 4.738018
8.366400, -2.299703
10.444676, 15.909891
28.873737, -0.931040

-0.996765, -0.064652
-1.037295, -0.512025
-1.071143, -0.787393
0.000000, 0.000000
-0.274520, 1.241509
0.775927, 4.655794
8.375475, -2.368114
10.429068, 15.822352
28.877313, -1.012524

-0.983623, -0.163852
-0.890257, -0.595712
-0.941424, -0.889618
0.000000, 0.000000
-0.330793, 1.186670
0.747311, 4.573850
8.394440, -2.435851
10.423439, 15.735440
28.890871, -1.093358

-0.960570, -0.261399
-0.744293, -0.627943
-0.802889, -0.971342
0.000000, 0.000000
-0.379087, 1.129484
0.728471, 4.493188
8.423212, -2.501911
10.427705, 15.650159
28.914328, -1.172541

-0.927788, -0.356299
-0.616892, -0.610447
-0.658717, -1.031998
0.000000, 0.000000
-0.419351, 1.070887
0.719228, 4.414804
8.461608, -2.565298
10.441685, 15.567504
28.947503, -1.249076

-0.885564, -0.447572
-0.528209, -0.550969
-0.512081, -1.071501
0.000000, 0.000000
-0.451634, 1.011816
0.719299, 4.339676
8.509341, -2.625033
10.465091, 15.488455
28.990109, -1.321983

-0.834283, -0.534266
-0.499389, -0.468314
-0.366081, -1.090233
0.000000, 0.000000
-0.476090, 0.953188
0.728302, 4.268753
8.566026, -2.680167
10.497539, 15.413962
29.041760, -1.390313

-0.774429, -0.615470
-0.544014, -0.398158
-0.223677, -1.089028
0.000000, 0.000000
-0.492974, 0.895900
0.745756, 4.202948
8.631178, -2.729786
10.538545, 15.344938
29.101973, -1.453152

-0.706583, -0.690321
-0.649493, -0.388780
-0.087622, -1.069140
0.000000, 0.000000
-0.502640, 0.840806
0.771085, 4.143122
8.704219, -2.773029
10.587527, 15.282245
29.170167, -1.509638

-0.631413, -0.758016
-0.766525, -0.472095
0.039593, -1.032205
0.000000, 0.000000
-0.505536, 0.788714
0.803623, 4.090077
8.784477, -2.809094
10.643818, 15.226686
29.245673, -1.558968

-0.549673, -0.817824
-0.837222, -0.635361
0.155797, -0.980201
0.000000, 0.000000
-0.502200, 0.740373
0.842620, 4.044544
8.871199, -2.837248
10.706663, 15.178993
29.327737, -1.600411

-0.462194, -0.869091
-0.831971, -0.836783
0.259184, -0.915388
0.000000, 0.000000
-0.493250, 0.696459
0.887248, 4.007175
8.963555, -2.856839
10.775233, 15.139818
29.415529, -1.633314

-0.369874, -0.911255
-0.750586, -1.036641
0.348355, -0.840250
0.000000, 0.000000
-0.479378, 0.657573
0.936612, 3.978533
9.060646, -2.867305
10.848628, 15.109726
29.508151, -1.657113

-0.273669, -0.943847
-0.606386, -1.208357
0.422348, -0.757428
0.000000, 0.000000
-0.461340, 0.624226
0.989760, 3.959085
9.161517, -2.868178
10.925892, 15.089183
29.604646, -1.671341

-0.174584, -0.966503
-0.415925, -1.336223
0.480658, -0.669644
0.000000, 0.000000
-0.439946, 0.596835
1.045692, 3.949194
9.265162, -2.859094
11.006022, 15.078554
29.704010, -1.675632

-0.073658, -0.978967
-0.195522, -1.411246
0.523247, -0.579627
0.000000, 0.000000
-0.416045, 0.575715
1.103370, 3.949117
9.370541, -2.839797
11.087978, 15.078095
29.805204, -1.669732

0.028046, -0.981094
0.039104, -1.428426
0.550537, -0.490033
0.000000, 0.000000
-0.390519, 0.561080
1.161735, 3.958998
9.476592, -2.810142
11.170696, 15.087952
29.907164, -1.653495

0.129453, -0.972855
0.272097, -1.385519
0.563391, -0.403363
0.000000, 0.000000
-0.364264, 0.553032
1.219716, 3.978865
9.582241, -2.770101
11.253102, 15.108153
30.008816, -1.626892

0.229491, -0.954334
0.486388, -1.283076
0.563083, -0.321894
0.000000, 0.000000
-0.338180, 0.551568
1.276246, 4.008634
9.686415, -2.719758
11.334125, 15.138614
30.109088, -1.590007

0.327106, -0.925730
0.662648, -1.125887
0.551247, -0.247602
0.000000, 0.000000
-0.313159, 0.556574
1.330270, 4.048105
9.788057, -2.659313
11.412709, 15.179135
30.206925, -1.543039

0.421267, -0.887354
0.779195, -0.926484
0.529823, -0.182110
0.000000, 0.000000
-0.290071, 0.567831
1.380765, 4.096967
9.886141, -2.589076
11.487825, 15.229406
30.301297, -1.486300

0.510988, -0.839624
0.815635, -0.710974
0.500978, -0.126629
0.000000, 0.000000
-0.269749, 0.585018
1.426745, 4.154801
9.979677, -2.509467
11.558485, 15.289010
30.391217, -1.420207

0.595332, -0.783060
0.765467, -0.522960
0.467033, -0.081933
0.000000, 0.000000
-0.252983, 0.607718
1.467280, 4.221087
10.067730, -2.421005
11.623754, 15.357426
30.475750, -1.345279

0.673428, -0.718275
0.655590, -0.410535
0.430374, -0.048333
0.000000, 0.000000
-0.240504, 0.635421
1.501498, 4.295211
10.149428, -2.324305
11.682759, 15.434040
30.554022, -1.262132

0.744474, -0.645972
0.543793, -0.391303
0.393365, -0.025679
0.000000, 0.000000
-0.232977, 0.667536
1.528605, 4.376472
10.223970, -2.220069
11.734700, 15.518150
30.625235, -1.171467

0.807753, -0.566929
0.479864, -0.438876
0.358261, -0.013374
0.000000, 0.000000
-0.230990, 0.703400
1.547885, 4.464090
10.290637, -2.109075
11.778859, 15.608978
30.688668, -1.074061

0.862635, -0.481991
0.480768, -0.510926
0.327128, -0.010406
0.000000, 0.000000
-0.235050, 0.742282
1.558711, 4.557219
10.348801, -1.992170
11.814607, 15.705679
30.743694, -0.970761

0.908585, -0.392062
0.540133, -0.573974
0.301766, -0.015398
0.000000, 0.000000
-0.245573, 0.783403
1.560552, 4.654956
10.397925, -1.870256
11.841407, 15.807349
30.789776, -0.862470

0.945167, -0.298090
0.643182, -0.607504
0.283651, -0.026662
0.000000, 0.000000
-0.262883, 0.825938
1.552975, 4.756353
10.437573, -1.744284
11.858825, 15.913040
30.826478, -0.750136

0.972047, -0.201057
0.773967, -0.600117
0.273887, -0.042275
0.000000, 0.000000
-0.287206, 0.869032
1.535651, 4.860427
10.467413, -1.615234
11.866526, 16.021769
30.853468, -0.634742

0.988996, -0.101970
0.917262, -0.545803
0.273170, -0.060152
0.000000, 0.000000
-0.318670, 0.911810
1.508353, 4.966173
10.487215, -1.484114
11.864282, 16.132531
30.870515, -0.517294

0.995891, -0.001845
1.058354, -0.441809
0.281769, -0.078125
0.000000, 0.000000
-0.357301, 0.953387
1.470962, 5.072572
10.496854, -1.351942
11.851969, 16.244309
30.877498, -0.398808

0.992712, 0.098300
1.182114, -0.287895
0.299528, -0.094026
0.000000, 0.000000
-0.403029, 0.992883
1.423461, 5.178607
10.496312, -1.219734
11.829567, 16.356084
30.874394, -0.280302

0.979540, 0.197456
1.271859, -0.086847
0.325874, -0.105763
0.000000, 0.000000
-0.455686, 1.029426
1.365934, 5.283270
10.485670, -1.088501
11.797158, 16.466848
30.861287, -0.162785

0.956558, 0.294636
1.308486, 0.153380
0.359844, -0.111393
0.000000, 0.000000
-0.515010, 1.062172
1.298569, 5.385573
10.465110, -0.959230
11.754925, 16.575613
30.838359, -0.047245

0.924044, 0.388881
1.271307, 0.415221
0.400119, -0.109184
0.000000, 0.000000
-0.580648, 1.090303
1.221646, 5.484558
10.434911, -0.832880
11.703145, 16.681422
30.805888, 0.065360

0.882367, 0.479270
1.144460, 0.665387
0.445071, -0.097677
0.000000, 0.000000
-0.652160, 1.113047
1.135537, 5.579303
10.395439, -0.710371
11.642187, 16.783352
30.764241, 0.174109

0.831981, 0.564930
0.933578, 0.855165
0.492816, -0.075726
0.000000, 0.000000
-0.729029, 1.129676
1.040700, 5.668936
10.347151, -0.592579
11.572506, 16.880531
30.713875, 0.278129

0.773420, 0.645041
0.681517, 0.943653
0.541274, -0.042543
0.000000, 0.000000
-0.810659, 1.139522
0.937673, 5.752636
10.290581, -0.480323
11.494636, 16.972139
30.655323, 0.376599

0.707293, 0.718842
0.449607, 0.931312
0.588228, 0.002282
0.000000, 0.000000
-0.896390, 1.141976
0.827068, 5.829644
10.226336, -0.374365
11.409185, 17.057415
30.589194, 0.468759

0.634275, 0.785640
0.277035, 0.854947
0.631391, 0.058760
0.000000, 0.000000
-0.985498, 1.136500
0.709562, 5.899266
10.155091, -0.275397
11.316828, 17.135665
30.516162, 0.553917

0.555100, 0.844813
0.171110, 0.755366
0.668474, 0.126499
0.000000, 0.000000
-1.077205, 1.122629
0.585894, 5.960879
10.077581, -0.184042
11.218300, 17.206268
30.436961, 0.631449

0.470554, 0.895814
0.122155, 0.661209
0.697244, 0.204705
0.000000, 0.000000
-1.170687, 1.099973
0.456852, 6.013939
9.994592, -0.100848
11.114387, 17.268677
30.352380, 0.700808

0.381470, 0.938175
0.115704, 0.589468
0.715596, 0.292196
0.000000, 0.000000
-1.265080, 1.068227
0.323274, 6.057977
9.906955, -0.026283
11.005921, 17.322423
30.263248, 0.761528

0.288715, 0.971512
0.137187, 0.549731
0.721611, 0.387420
0.000000, 0.000000
-1.359489, 1.027169
0.186029, 6.092609
9.815541, 0.039269
10.893771, 17.367123
30.170435, 0.813223

0.193189, 0.995524
0.172744, 0.547302
0.713612, 0.488486
0.000000, 0.000000
-1.452996, 0.976661
0.046021, 6.117535
9.721246, 0.095507
10.778836, 17.402476
30.074839, 0.855594

0.095812, 1.009998
0.208635, 0.584756
0.690222, 0.593203
0.000000, 0.000000
-1.544664, 0.916658
-0.095828, 6.132541
9.624990, 0.142216
10.662034, 17.428269
29.977381, 0.888425

-0.002482, 1.014807
0.230183, 0.662198
0.650412, 0.699125
0.000000, 0.000000
-1.633552, 0.847200
-0.238579, 6.137502
9.527710, 0.179270
10.544301, 17.444374
29.878994, 0.911592

-0.100752, 1.009913
0.220659, 0.776188
0.593543, 0.803601
0.000000, 0.000000
-1.718717, 0.768420
-0.381290, 6.132380
9.430343, 0.206630
10.426578, 17.450753
29.780620, 0.925055

-0.198060, 0.995367
0.160787, 0.916785
0.519404, 0.903841
0.000000, 0.000000
-1.799223, 0.680539
-0.523016, 6.117225
9.333831, 0.224346
10.309804, 17.447458
29.683198, 0.928866

-0.293474, 0.971305
0.031093, 1.062164
0.428236, 0.996977
0.000000, 0.000000
-1.874152, 0.583867
-0.662825, 6.092177
9.239103, 0.232557
10.194908, 17.434625
29.587657, 0.923161

-0.386080, 0.937953
-0.178041, 1.173313
0.320756, 1.080140
0.000000, 0.000000
-1.942607, 0.478804
-0.799800, 6.057459
9.147073, 0.231484
10.082806, 17.412479
29.494913, 0.908165

-0.474990, 0.895619
-0.447006, 1.201425
0.198155, 1.150533
0.000000, 0.000000
-2.003723, 0.365834
-0.933047, 6.013381
9.058631, 0.221438
9.974387, 17.381329
29.405855, 0.884188

-0.559344, 0.844697
-0.720931, 1.119886
0.062101, 1.205515
0.000000, 0.000000
-2.056675, 0.245525
-1.061704, 5.960337
8.974635, 0.202811
9.870509, 17.341568
29.321341, 0.851621

-0.638322, 0.785657
-0.942912, 0.947564
-0.085285, 1.242676
0.000000, 0.000000
-2.100683, 0.118528
-1.184950, 5.898798
8.895906, 0.176073
9.771993, 17.293666
29.242191, 0.810937

-0.711151, 0.719050
-1.086880, 0.727485
-0.241463, 1.259919
0.000000, 0.000000
-2.135020, -0.014431
-1.302005, 5.829316
8.823216, 0.141774
9.679612, 17.238175
29.169179, 0.762685

-0.777109, 0.645496
-1.154030, 0.497669
-0.403518, 1.255534
0.000000, 0.000000
-2.159023, -0.152550
-1.412147, 5.752512
8.757288, 0.100536
9.594087, 17.175715
29.103027, 0.707486

-0.835536, 0.565688
-1.156982, 0.283034
-0.568220, 1.228267
0.000000, 0.000000
-2.172093, -0.294961
-1.514710, 5.669077
8.698781, 0.053048
9.516081, 17.106976
29.044395, 0.646031

-0.885835, 0.480377
-1.110755, 0.098449
-0.732107, 1.177372
0.000000, 0.000000
-2.173710, -0.440732
-1.609096, 5.579766
8.648293, 0.000064
9.446187, 17.032714
28.993879, 0.579075

-0.927484, 0.390377
-1.029995, -0.047249
-0.891559, 1.102663
0.000000, 0.000000
-2.163433, -0.588872
-1.694779, 5.485391
8.606345, -0.057605
9.384930, 16.953738
28.952002, 0.507427

-0.960038, 0.296549
-0.928869, -0.148781
-1.042903, 1.004538
0.000000, 0.000000
-2.140909, -0.738343
-1.771311, 5.386817
8.573382, -0.119096
9.332754, 16.870913
28.919210, 0.431953

-0.983136, 0.199801
-0.821908, -0.203395
-1.182509, 0.883993
0.000000, 0.000000
-2.105880, -0.888060
-1.838327, 5.284950
8.549766, -0.183503
9.290021, 16.785145
28.895862, 0.353557

-0.996505, 0.101077
-0.725117, -0.211094
-1.306889, 0.742612
0.000000, 0.000000
-2.058184, -1.036907
-1.895552, 5.180736
8.535769, -0.249882
9.257002, 16.697378
28.882232, 0.273185

-0.999965, 0.001349
-0.656985, -0.176357
-1.412807, 0.582545
0.000000, 0.000000
-1.997764, -1.183740
-1.942803, 5.075147
8.531571, -0.317262
9.233879, 16.608584
28.878499, 0.191809

-0.993432, -0.098392
-0.638280, -0.112011
-1.497365, 0.406463
0.000000, 0.000000
-1.924668, -1.327398
-1.979992, 4.969176
8.537255, -0.384651
9.220734, 16.519754
28.884748, 0.110419

-0.976923, -0.197144
-0.687441, -0.045284
-1.558095, 0.217491
0.000000, 0.000000
-1.839056, -1.466716
-2.007133, 4.863825
8.552807, -0.451048
9.217553, 16.431891
28.900963, 0.030018

-0.950553, -0.293905
-0.806336, -0.020413
-1.593031, 0.019142
0.000000, 0.000000
-1.741199, -1.600530
-2.024338, 4.760098
8.578109, -0.515451
9.224218, 16.345996
28.927027, -0.048392

-0.914540, -0.387683
-0.961580, -0.081709
-1.600767, -0.184783
0.000000, 0.000000
-1.631481, -1.727695
-2.031823, 4.658986
8.612943, -0.576870
9.240513, 16.263060
28.962722, -0.123821

-0.869204, -0.477509
-1.093246, -0.238130
-1.580496, -0.390281
0.000000, 0.000000
-1.510398, -1.847090
-2.029904, 4.561461
8.656991, -0.634334
9.266116, 16.184055
29.007730, -0.195298

-0.814965, -0.562442
-1.155616, -0.456907
-1.532039, -0.593255
0.000000, 0.000000
-1.378559, -1.957633
-2.018997, 4.468463
8.709831, -0.686905
9.300609, 16.109918
29.061629, -0.261882

-0.752340, -0.641587
-1.136186, -0.694284
-1.455846, -0.789611
0.000000, 0.000000
-1.236680, -2.058294
-1.999618, 4.380890
8.770948, -0.733686
9.343475, 16.041547
29.123903, -0.322679

-0.681940, -0.714101
-1.043458, -0.917058
-1.352985, -0.975362
0.000000, 0.000000
-1.085584, -2.148102
-1.972373, 4.299587
8.839730, -0.773835
9.394103, 15.979785
29.193942, -0.376844

-0.604463, -0.779202
-0.892937, -1.104628
-1.225116, -1.146724
0.000000, 0.000000
-0.926190, -2.226163
-1.937957, 4.225332
8.915478, -0.806571
9.451794, 15.925412
29.271046, -0.423599

-0.520689, -0.836187
-0.700972, -1.244906
-1.074447, -1.300199
0.000000, 0.000000
-0.759513, -2.291664
-1.897150, 4.158835
8.997412, -0.831190
9.515767, 15.879133
29.354436, -0.462236

-0.431473, -0.884430
-0.483311, -1.330833
-0.903681, -1.432657
0.000000, 0.000000
-0.586651, -2.343890
-1.850801, 4.100719
9.084678, -0.847069
9.585170, 15.841572
29.443257, -0.492133

-0.337734, -0.923401
-0.255470, -1.358500
-0.715952, -1.541403
0.000000, 0.000000
-0.408775, -2.382228
-1.799827, 4.051518
9.176357, -0.853676
9.659082, 15.813261
29.536590, -0.512758

-0.240445, -0.952667
-0.033709, -1.326601
-0.514749, -1.624231
0.000000, 0.000000
-0.227122, -2.406180
-1.745198, 4.011664
9.271476, -0.850578
9.736531, 15.794632
29.633461, -0.523678

-0.140624, -0.971898
0.163851, -1.237178
-0.303842, -1.679471
0.000000, 0.000000
-0.042980, -2.415366
-1.687929, 3.981490
9.369016, -0.837448
9.816498, 15.786015
29.732853, -0.524564

-0.039320, -0.980875
0.316494, -1.098069
-0.087197, -1.706019
0.000000, 0.000000
0.142321, -2.409534
-1.629066, 3.961213
9.467929, -0.814066
9.897936, 15.787628
29.833718, -0.515197

0.062400, -0.979494
0.402272, -0.927750
0.131109, -1.703354
0.000000, 0.000000
0.327430, -2.388561
-1.569673, 3.950943
9.567146, -0.780327
9.979775, 15.799577
29.934987, -0.495472

0.163461, -0.967762
0.405766, -0.761301
0.346973, -1.671548
0.000000, 0.000000
0.510980, -2.352459
-1.510824, 3.950670
9.665594, -0.736241
10.060942, 15.821854
30.035585, -0.465397

0.262794, -0.945804
0.336089, -0.647693
0.556350, -1.611262
0.000000, 0.000000
0.691607, -2.301374
-1.453582, 3.960272
9.762204, -0.681931
10.140368, 15.854333
30.134445, -0.425096

0.359351, -0.913857
0.239575, -0.622769
0.755339, -1.523727
0.000000, 0.000000
0.867968, -2.235584
-1.398994, 3.979515
9.855928, -0.617635
10.217005, 15.896779
30.230519, -0.374806

0.452118, -0.872267
0.174880, -0.678665
0.940257, -1.410722
0.000000, 0.000000
1.038746, -2.155501
-1.348071, 4.008051
9.945749, -0.543701
10.289838, 15.948845
30.322790, -0.314874

0.540122, -0.821488
0.174398, -0.775776
1.107724, -1.274531
0.000000, 0.000000
1.202674, -2.061662
-1.301784, 4.045429
10.030697, -0.460581
10.357895, 16.010076
30.410287, -0.245754

0.622447, -0.762072
0.240164, -0.874605
1.254725, -1.117903
0.000000, 0.000000
1.358540, -1.954727
-1.261044, 4.091099
10.109857, -0.368829
10.420260, 16.079922
30.492094, -0.167997

0.698245, -0.694664
0.359581, -0.948594
1.378677, -0.943986
0.000000, 0.000000
1.505206, -1.835469
-1.226697, 4.144416
10.182378, -0.269090
10.476085, 16.157736
30.567364, -0.082248

0.766743, -0.619992
0.516396, -0.982396
1.477486, -0.756270
0.000000, 0.000000
1.641615, -1.704768
-1.199515, 4.204654
10.247487, -0.162092
10.524596, 16.242791
30.635321, 0.010763

0.827250, -0.538859
0.694581, -0.967647
1.549593, -0.558506
0.000000, 0.000000
1.766802, -1.563600
-1.180183, 4.271013
10.304496, -0.048639
10.565104, 16.334284
30.695278, 0.110236

0.879169, -0.452130
0.878851, -0.900095
1.594009, -0.354631
0.000000, 0.000000
1.879905, -1.413025
-1.169298, 4.342626
10.352806, 0.070404
10.597011, 16.431349
30.746634, 0.215303

0.921998, -0.360726
1.053972, -0.778239
1.610340, -0.148673
0.000000, 0.000000
1.980171, -1.254178
-1.167360, 4.418576
10.391914, 0.194116
10.619813, 16.533067
30.788889, 0.325045

0.955334, -0.265607
1.203692, -0.603244
1.598800, 0.055334
0.000000, 0.000000
2.066963, -1.088254
-1.174765, 4.497904
10.421419, 0.321535
10.633111, 16.638476
30.821641, 0.438501

0.978880, -0.167766
1.309657, -0.380246
1.560202, 0.253449
0.000000, 0.000000
2.139763, -0.916499
-1.191812, 4.579619
10.441023, 0.451670
10.636605, 16.746584
30.844592, 0.554679

0.992443, -0.068213
1.351163, -0.121636
1.495945, 0.441914
0.000000, 0.000000
2.198177, -0.740193
-1.218689, 4.662711
10.450531, 0.583509
10.630102, 16.856381
30.857547, 0.672569

0.995932, 0.032033
1.308281, 0.147257
1.407974, 0.617249
0.000000, 0.000000
2.241936, -0.560640
-1.255484, 4.746164
10.449857, 0.716034
10.613514, 16.966848
30.860418, 0.791151

0.989363, 0.131957
1.173533, 0.383660
1.298734, 0.776334
0.000000, 0.000000
2.270895, -0.379154
-1.302178, 4.828964
10.439013, 0.848227
10.586855, 17.076969
30.853221, 0.909409

0.972854, 0.230556
0.971521, 0.538264
1.171104, 0.916491
0.000000, 0.000000
2.285035, -0.197049
-1.358653, 4.910109
10.418117, 0.979086
10.550241, 17.185741
30.836071, 1.026342

0.946617, 0.326850
0.759666, 0.589411
1.028315, 1.035544
0.000000, 0.000000
2.284459, -0.015621
-1.424692, 4.988622
10.387384, 1.107633
10.503888, 17.292186
30.809183, 1.140970

0.910963, 0.419894
0.590990, 0.560358
0.873864, 1.131871
0.000000, 0.000000
2.269388, 0.163855
-1.499982, 5.063557
10.347122, 1.232918
10.448105, 17.395356
30.772867, 1.252347

0.866290, 0.508781
0.486191, 0.493302
0.711417, 1.204441
0.000000, 0.000000
2.240156, 0.340144
-1.584123, 5.134012
10.297730, 1.354038
10.383290, 17.494347
30.727521, 1.359566

0.813080, 0.592655
0.441221, 0.422878
0.544701, 1.252827
0.000000, 0.000000
2.197210, 0.512056
-1.676629, 5.199132
10.239690, 1.470134
10.309925, 17.588302
30.673626, 1.461772

0.751894, 0.670716
0.442638, 0.370717
0.377406, 1.277202
0.000000, 0.000000
2.141096, 0.678457
-1.776939, 5.258116
10.173562, 1.580407
10.228571, 17.676420
30.611744, 1.558164

0.683362, 0.742226
0.475443, 0.349065
0.213081, 1.278318
0.000000, 0.000000
2.072457, 0.838278
-1.884418, 5.310230
10.099978, 1.684117
10.139858, 17.757963
30.542505, 1.648004

0.608180, 0.806514
0.525278, 0.364615
0.055043, 1.257465
0.000000, 0.000000
1.992025, 0.990522
-1.998368, 5.354805
10.019633, 1.780594
10.044484, 17.832261
30.466606, 1.730622

0.527101, 0.862984
0.578304, 0.420770
-0.093711, 1.216415
0.000000, 0.000000
1.900612, 1.134272
-2.118034, 5.391245
9.933281, 1.869241
9.943200, 17.898717
30.384799, 1.805421

0.440929, 0.911115
0.620301, 0.518484
-0.230570, 1.157352
0.000000, 0.000000
1.799101, 1.268695
-2.242610, 5.419032
9.841723, 1.949537
9.836809, 17.956811
30.297887, 1.871880

0.350507, 0.950467
0.635530, 0.655848
-0.353368, 1.082794
0.000000, 0.000000
1.688440, 1.393050
-2.371249, 5.437728
9.745806, 2.021041
9.726157, 18.006103
30.206715, 1.929560

0.256716, 0.980683
0.605802, 0.826115
-0.460420, 0.995505
0.000000, 0.000000
1.569631, 1.506688
-2.503069, 5.446977
9.646408, 2.083397
9.612122, 18.046236
30.112162, 1.978103

0.160462, 1.001493
0.511069, 1.013449
-0.550547, 0.898406
0.000000, 0.000000
1.443721, 1.609063
-2.637160, 5.446511
9.544437, 2.136334
9.495613, 18.076939
30.015136, 2.017240

0.062672, 1.012713
0.335132, 1.186807
-0.623081, 0.794487
0.000000, 0.000000
1.311791, 1.699725
-2.772596, 5.436147
9.440817, 2.179666
9.377554, 18.098027
29.916562, 2.046785

-0.035719, 1.014244
0.081482, 1.299059
-0.677855, 0.686721
0.000000, 0.000000
1.174951, 1.778329
-2.908435, 5.415791
9.336487, 2.213296
9.258883, 18.109405
29.817377, 2.066642

-0.133768, 1.006080
-0.209670, 1.307978
-0.715180, 0.577982
0.000000, 0.000000
1.034327, 1.844635
-3.043735, 5.385435
9.232387, 2.237216
9.140541, 18.111064
29.718522, 2.076802

-0.230539, 0.988301
-0.476533, 1.210855
-0.735811, 0.470974
0.000000, 0.000000
0.891053, 1.898506
-3.177557, 5.345162
9.129455, 2.251505
9.023464, 18.103083
29.620934, 2.077346

-0.325105, 0.961072
-0.676846, 1.043548
-0.740905, 0.368166
0.000000, 0.000000
0.746263, 1.939909
-3.308971, 5.295141
9.028616, 2.256331
8.908580, 18.085629
29.525540, 2.068441

-0.416561, 0.924648
-0.800911, 0.848370
-0.731960, 0.271740
0.000000, 0.000000
0.601078, 1.968915
-3.437070, 5.235626
8.930776, 2.251945
8.796793, 18.058957
29.433245, 2.050339

-0.504026, 0.879366
-0.857469, 0.655979
-0.710768, 0.183545
0.000000, 0.000000
0.456602, 1.985696
-3.560970, 5.166958
8.836817, 2.238685
8.688986, 18.023403
29.344931, 2.023379

-0.586654, 0.825645
-0.860823, 0.485077
-0.679343, 0.105065
0.000000, 0.000000
0.313909, 1.990523
-3.679824, 5.089557
8.747583, 2.216971
8.586003, 17.979387
29.261442, 1.987980

-0.663640, 0.763984
-0.825659, 0.346622
-0.639862, 0.037396
0.000000, 0.000000
0.174038, 1.983762
-3.792824, 5.003924
8.663881, 2.187299
8.488650, 17.927408
29.183584, 1.944640

-0.734227, 0.694958
-0.766022, 0.247083
-0.594600, -0.018767
0.000000, 0.000000
0.037980, 1.965871
-3.899211, 4.910636
8.586467, 2.150245
8.397683, 17.868039
29.112114, 1.893933

-0.797713, 0.619211
-0.695842, 0.190103
-0.545858, -0.063134
0.000000, 0.000000
-0.093326, 1.937397
-3.998281, 4.810339
8.516043, 2.106453
8.313805, 17.801926
29.047734, 1.836505

-0.853458, 0.537456
-0.629964, 0.176866
-0.495908, -0.095812
0.000000, 0.000000
-0.219001, 1.898969
-4.089392, 4.703748
8.453248, 2.056635
8.237656, 17.729782
28.991084, 1.773069

-0.900891, 0.450468
-0.585281, 0.205131
-0.446922, -0.117294
0.000000, 0.000000
-0.338235, 1.851290
-4.171970, 4.591639
8.398655, 2.001565
8.169806, 17.652381
28.942735, 1.704399

-0.939515, 0.359075
-0.581323, 0.266466
-0.400920, -0.128431
0.000000, 0.000000
-0.450296, 1.795136
-4.245516, 4.474845
8.352760, 1.942072
8.110754, 17.570551
28.903184, 1.631324

-0.968912, 0.264157
-0.638303, 0.341046
-0.359710, -0.130406
0.000000, 0.000000
-0.554532, 1.731346
-4.309610, 4.354245
8.315982, 1.879035
8.060916, 17.485173
28.872849, 1.554722

-0.988750, 0.166634
-0.767923, 0.392032
-0.324842, -0.124690
0.000000, 0.000000
-0.650380, 1.660811
-4.363919, 4.230762
8.288651, 1.813373
8.020625, 17.397166
28.852061, 1.475515

-0.998787, 0.067460
-0.954376, 0.371158
-0.297557, -0.112999
0.000000, 0.000000
-0.737368, 1.584471
-4.408198, 4.105352
8.271010, 1.746040
7.990122, 17.307484
28.841063, 1.394656

-0.998877, -0.032384
-1.145684, 0.249098
-0.278755, -0.097237
0.000000, 0.000000
-0.815125, 1.503302
-4.442298, 3.978998
8.263206, 1.678016
7.969555, 17.217108
28.840002, 1.313126

-0.988968, -0.131904
-1.284165, 0.041712
-0.268965, -0.079440
0.000000, 0.000000
-0.883381, 1.418309
-4.466166, 3.852697
8.265290, 1.610297
7.958975, 17.127033
28.848928, 1.231920

-0.969109, -0.230095
-1.341689, -0.208183
-0.268321, -0.061709
0.000000, 0.000000
-0.941970, 1.330511
-4.479849, 3.727454
8.277212, 1.543884
7.958332, 17.038262
28.867793, 1.152041

-0.939452, -0.325959
-1.318681, -0.461181
-0.276553, -0.046141
0.000000, 0.000000
-0.990832, 1.240938
-4.483496, 3.604271
8.298823, 1.479777
7.967476, 16.951795
28.896445, 1.074489

-0.900248, -0.418510
-1.228180, -0.691020
-0.292993, -0.034757
0.000000, 0.000000
-1.030015, 1.150613
-4.477358, 3.484136
8.329869, 1.418962
7.986153, 16.868617
28.934633, 1.000249

-0.851852, -0.506787
-1.086123, -0.881940
-0.316584, -0.029429
0.000000, 0.000000
-1.059674, 1.060542
-4.461786, 3.368012
8.369997, 1.362399
8.014012, 16.789690
28.982002, 0.930283

-0.794716, -0.589863
-0.908192, -1.024599
-0.345909, -0.031813
0.000000, 0.000000
-1.080069, 0.971706
-4.437231, 3.256827
8.418754, 1.311013
8.050598, 16.715939
29.038099, 0.865516

-0.729390, -0.666859
-0.709572, -1.113450
-0.379233, -0.043278
0.000000, 0.000000
-1.091560, 0.885048
-4.404241, 3.151463
8.475591, 1.265684
8.095363, 16.648244
29.102376, 0.806829

-0.656515, -0.736952
-0.505729, -1.145619
-0.414558, -0.064850
0.000000, 0.000000
-1.094608, 0.801458
-4.363454, 3.052745
8.539866, 1.227234
8.147665, 16.587428
29.174191, 0.755043

-0.576817, -0.799387
-0.313510, -1.121019
-0.449680, -0.097159
0.000000, 0.000000
-1.089764, 0.721769
-4.315596, 2.961431
8.610854, 1.196420
8.206777, 16.534248
29.252817, 0.710916

-0.491103, -0.853483
-0.152167, -1.043927
-0.482276, -0.140406
0.000000, 0.000000
-1.077665, 0.646741
-4.261471, 2.878204
8.687747, 1.173919
8.271894, 16.489381
29.337449, 0.675126

-0.400251, -0.898647
-0.043330, -0.926653
-0.509974, -0.194338
0.000000, 0.000000
-1.059024, 0.577056
-4.201955, 2.803657
8.769668, 1.160326
8.342137, 16.453422
29.427208, 0.648266

-0.305199, -0.934381
-0.006952, -0.795483
-0.530450, -0.258239
0.000000, 0.000000
-1.034624, 0.513306
-4.137984, 2.738293
8.855679, 1.156138
8.416569, 16.426870
29.521155, 0.630837

-0.206936, -0.960285
-0.047983, -0.694086
-0.541507, -0.330946
0.000000, 0.000000
-1.005302, 0.455988
-4.070546, 2.682512
8.944790, 1.161753
8.494199, 16.410123
29.618303, 0.623236

-0.106493, -0.976069
-0.137120, -0.668808
-0.541165, -0.410873
0.000000, 0.000000
-0.971941, 0.405495
-4.000670, 2.636610
9.035971, 1.177465
8.573999, 16.403474
29.717620, 0.625755

-0.004925, -0.981549
-0.215981, -0.733353
-0.527737, -0.496052
0.000000, 0.000000
-0.935460, 0.362117
-3.929409, 2.600768
9.128167, 1.203452
8.654911, 16.407103
29.818050, 0.638576

0.096694, -0.976660
-0.236980, -0.858354
-0.499896, -0.584200
0.000000, 0.000000
-0.896797, 0.326031
-3.857834, 2.575057
9.220304, 1.239782
8.735863, 16.421077
29.918521, 0.661766

0.197292, -0.961450
-0.185634, -1.000760
-0.456733, -0.672778
0.000000, 0.000000
-0.856897, 0.297304
-3.787018, 2.559431
9.311310, 1.286407
8.815782, 16.445349
30.017959, 0.695276

0.295805, -0.936079
-0.069780, -1.127234
-0.397797, -0.759082
0.000000, 0.000000
-0.816700, 0.275894
-3.718020, 2.553730
9.400121, 1.343164
8.893605, 16.479757
30.115302, 0.738945

0.391194, -0.900824
0.094985, -1.217317
-0.323119, -0.840316
0.000000, 0.000000
-0.777128, 0.261648
-3.651879, 2.557681
9.485698, 1.409779
8.968293, 16.524025
30.209510, 0.792498

0.482458, -0.856067
0.292062, -1.259455
-0.233222, -0.913691
0.000000, 0.000000
-0.739074, 0.254306
-3.589595, 2.570904
9.567040, 1.485866
9.038844, 16.577771
30.299582, 0.855552

0.568643, -0.802297
0.505547, -1.247378
-0.129113, -0.976501
0.000000, 0.000000
-0.703384, 0.253510
-3.532120, 2.592914
9.643193, 1.570938
9.104304, 16.640506
30.384564, 0.927618

0.648853, -0.740097
0.719957, -1.178072
-0.012260, -1.026211
0.000000, 0.000000
-0.670853, 0.258807
-3.480347, 2.623127
9.713263, 1.664411
9.163779, 16.711647
30.463561, 1.008113

0.722266, -0.670143
0.919283, -1.051117
0.115442, -1.060532
0.000000, 0.000000
-0.642210, 0.269656
-3.435099, 2.660872
9.776424, 1.765609
9.216444, 16.790518
30.535748, 1.096362

0.788134, -0.593187
1.085867, -0.869298
0.251719, -1.077485
0.000000, 0.000000
-0.618111, 0.285440
-3.397119, 2.705398
9.831932, 1.873779
9.261554, 16.876366
30.600381, 1.191611

0.845799, -0.510057
1.199593, -0.640870
0.393974, -1.075463
0.000000, 0.000000
-0.599132, 0.305472
-3.367066, 2.755880
9.879126, 1.988093
9.298448, 16.968365
30.656799, 1.293034

0.894694, -0.421637
1.238947, -0.384171
0.539353, -1.053271
0.000000, 0.000000
-0.585760, 0.329008
-3.345504, 2.811436
9.917442, 2.107666
9.326562, 17.065629
30.704436, 1.399745

0.934350, -0.328863
1.188002, -0.133689
0.684810, -1.010167
0.000000, 0.000000
-0.578390, 0.355258
-3.332900, 2.871133
9.946409, 2.231562
9.345426, 17.167224
30.742824, 1.510810

0.964402, -0.232708
1.053710, 0.061253
0.827183, -0.945883
0.000000, 0.000000
-0.577321, 0.383395
-3.329621, 2.934000
9.965662, 2.358809
9.354674, 17.272176
30.771596, 1.625255

0.984585, -0.134170
0.880406, 0.161426
0.963264, -0.860640
0.000000, 0.000000
-0.582751, 0.412568
-3.335926, 2.999041
9.974937, 2.488406
9.354043, 17.379485
30.790489, 1.742082

0.994742, -0.034266
0.728318, 0.170124
1.089874, -0.755146
0.000000, 0.000000
-0.594780, 0.441913
-3.351973, 3.065242
9.974078, 2.619337
9.343374, 17.488138
30.799345, 1.860274

0.994820, 0.065986
0.633666, 0.125041
1.203936, -0.630592
0.000000, 0.000000
-0.613411, 0.470564
-3.377813, 3.131587
9.963030, 2.750584
9.322615, 17.597114
30.798111, 1.978814

0.984869, 0.165574
0.601440, 0.066025
1.302545, -0.488634
0.000000, 0.000000
-0.638546, 0.497664
-3.413395, 3.197066
9.941843, 2.881134
9.291815, 17.705401
30.786836, 2.096688

0.965038, 0.263502
0.620740, 0.020392
1.383032, -0.331364
0.000000, 0.000000
-0.669992, 0.522374
-3.458568, 3.260686
9.910667, 3.009990
9.251124, 17.812004
30.765671, 2.212901

0.935574, 0.358800
0.676428, 0.004017
1.443032, -0.161277
0.000000, 0.000000
-0.707467, 0.543884
-3.513083, 3.321480
9.869751, 3.136183
9.200791, 17.915954
30.734863, 2.326484

0.896819, 0.450535
0.753449, 0.025578
1.480541, 0.018774
0.000000, 0.000000
-0.750599, 0.561423
-3.576599, 3.378517
9.819434, 3.258780
9.141154, 18.016316
30.694752, 2.436503

0.849200, 0.537818
0.837506, 0.089578
1.493966, 0.205628
0.000000, 0.000000
-0.798937, 0.574263
-3.648685, 3.430910
9.760143, 3.376889
9.072641, 18.112202
30.645765, 2.542069

0.793225, 0.619810
0.914419, 0.197807
1.482173, 0.395877
0.000000, 0.000000
-0.851952, 0.581732
-3.728833, 3.477822
9.692388, 3.489673
8.995763, 18.202773
30.588412, 2.642343

0.729480, 0.695732
0.969062, 0.349531
1.444527, 0.585931
0.000000, 0.000000
-0.909046, 0.583216
-3.816455, 3.518478
9.616755, 3.596350
8.911103, 18.287249
30.523279, 2.736546

0.658619, 0.764867
0.984247, 0.540318
1.380919, 0.772091
0.000000, 0.000000
-0.969558, 0.578168
-3.910896, 3.552163
9.533897, 3.696207
8.819317, 18.364914
30.451018, 2.823962

0.581358, 0.826571
0.940340, 0.758941
1.291788, 0.950625
0.000000, 0.000000
-1.032772, 0.566113
-4.011439, 3.578234
9.444531, 3.788595
8.721119, 18.435124
30.372346, 2.903944

0.498468, 0.880271
0.817919, 0.981853
1.178129, 1.117854
0.000000, 0.000000
-1.097923, 0.546651
-4.117312, 3.596122
9.349426, 3.872944
8.617281, 18.497305
30.288033, 2.975923

0.410765, 0.925475
0.608540, 1.168199
1.041490, 1.270232
0.000000, 0.000000
-1.164207, 0.519462
-4.227696, 3.605337
9.249402, 3.948759
8.508620, 18.550967
30.198898, 3.039404

0.319109, 0.961771
0.334286, 1.268704
0.883952, 1.404437
0.000000, 0.000000
-1.230785, 0.484308
-4.341733, 3.605469
9.145314, 4.015629
8.395994, 18.595695
30.105798, 3.093976

0.224387, 0.988831
0.051566, 1.258736
0.708103, 1.517454
0.000000, 0.000000
-1.296795, 0.441038
-4.458531, 3.596193
9.038054, 4.073225
8.280292, 18.631163
30.009622, 3.139312

0.127514, 1.006412
-0.184008, 1.159067
0.516987, 1.606655
0.000000, 0.000000
-1.361357, 0.389586
-4.577176, 3.577270
8.928535, 4.121305
8.162428, 18.657129
29.911283, 3.175168

0.029421, 1.014361
-0.348421, 1.012371
0.314044, 1.669875
0.000000, 0.000000
-1.423584, 0.329976
-4.696736, 3.548547
8.817687, 4.159714
8.043333, 18.673437
29.811713, 3.201390

-0.068954, 1.012611
-0.443837, 0.855157
0.103041, 1.705477
0.000000, 0.000000
-1.482586, 0.262319
-4.816270, 3.509960
8.706449, 4.188384
7.923946, 18.680022
29.711851, 3.217912

-0.166669, 1.001184
-0.482929, 0.710877
-0.112018, 1.712401
0.000000, 0.000000
-1.537481, 0.186814
-4.934838, 3.461534
8.595763, 4.207338
7.805206, 18.676905
29.612636, 3.224756

-0.262792, 0.980187
-0.480390, 0.593250
-0.326985, 1.690207
0.000000, 0.000000
-1.587402, 0.103750
-5.051505, 3.403380
8.486562, 4.216684
7.688049, 18.664195
29.515004, 3.222030

-0.356403, 0.949819
-0.450415, 0.510206
-0.537671, 1.639093
0.000000, 0.000000
-1.631506, 0.013502
-5.165348, 3.335697
8.379766, 4.216618
7.573394, 18.642089
29.419873, 3.209931

-0.446602, 0.910361
-0.406707, 0.466258
-0.739951, 1.559894
0.000000, 0.000000
-1.668978, -0.083472
-5.275469, 3.258769
8.276274, 4.207421
7.462140, 18.610868
29.328142, 3.188742

-0.532521, 0.862178
-0.363342, 0.463459
-0.929867, 1.454070
0.000000, 0.000000
-1.699045, -0.186628
-5.380998, 3.172965
8.176954, 4.189459
7.355155, 18.570898
29.240681, 3.158826

-0.613326, 0.805717
-0.335897, 0.501087
-1.103728, 1.323670
0.000000, 0.000000
-1.720977, -0.295346
-5.481100, 3.078733
8.082641, 4.163177
7.253273, 18.522625
29.158322, 3.120631

-0.688229, 0.741501
-0.342430, 0.573817
-1.258206, 1.171275
0.000000, 0.000000
-1.734100, -0.408928
-5.574985, 2.976600
7.994124, 4.129100
7.157283, 18.466573
29.081856, 3.074680

-0.756490, 0.670130
-0.403113, 0.667683
-1.390411, 0.999937
0.000000, 0.000000
-1.737798, -0.526605
-5.661913, 2.867168
7.912141, 4.087825
7.067925, 18.403341
29.012020, 3.021574

-0.817427, 0.592273
-0.535165, 0.753980
-1.497961, 0.813094
0.000000, 0.000000
-1.731527, -0.647540
-5.741201, 2.751107
7.837375, 4.040021
6.985880, 18.333598
28.949497, 2.961979

-0.870423, 0.508662
-0.737895, 0.787368
-1.579032, 0.614479
0.000000, 0.000000
-1.714815, -0.770836
-5.812231, 2.629155
7.770444, 3.986421
6.911765, 18.258078
28.894904, 2.896631

-0.914931, 0.420091
-0.974642, 0.724572
-1.632392, 0.408032
0.000000, 0.000000
-1.687271, -0.895541
-5.874454, 2.502105
7.711894, 3.927818
6.846128, 18.177573
28.848788, 2.826321

-0.950479, 0.327408
-1.184295, 0.559628
-1.657418, 0.197795
0.000000, 0.000000
-1.648594, -1.020653
-5.927399, 2.370810
7.662196, 3.865058
6.789441, 18.092931
28.811621, 2.751898

-0.976680, 0.231505
-1.322387, 0.327046
-1.654097, -0.012180
0.000000, 0.000000
-1.598574, -1.145133
-5.970677, 2.236163
7.621740, 3.799036
6.742091, 18.005044
28.783791, 2.674254

-0.993230, 0.133316
-1.377490, 0.070318
-1.623010, -0.217928
0.000000, 0.000000
-1.537100, -1.267906
-6.003983, 2.099101
7.590829, 3.730682
6.704380, 17.914847
28.765600, 2.594323

-0.999919, 0.033804
-1.358072, -0.178128
-1.565302, -0.415654
0.000000, 0.000000
-1.464165, -1.387876
-6.027107, 1.960590
7.569672, 3.660961
6.676521, 17.823302
28.757260, 2.513068

-0.996633, -0.066045
-1.278986, -0.398169
-1.482644, -0.601815
0.000000, 0.000000
-1.379867, -1.503933
-6.039932, 1.821619
7.558384, 3.590858
6.658627, 17.731396
28.758884, 2.431475

-0.983352, -0.165230
-1.155751, -0.577834
-1.377178, -0.773191
0.000000, 0.000000
-1.284413, -1.614964
-6.042440, 1.683190
7.556985, 3.521373
6.650716, 17.640129
28.770491, 2.350545

-0.960162, -0.262750
-1.003301, -0.709924
-1.251462, -0.926941
0.000000, 0.000000
-1.178123, -1.719864
-6.034715, 1.546309
7.565389, 3.453508
6.652705, 17.550503
28.791997, 2.271279

-0.927247, -0.357607
-0.836430, -0.790229
-1.108400, -1.060656
0.000000, 0.000000
-1.061427, -1.817547
-6.016939, 1.411974
7.583412, 3.388259
6.664409, 17.463514
28.823217, 2.194675

-0.884894, -0.448823
-0.670795, -0.817070
-0.951174, -1.172398
0.000000, 0.000000
-0.934868, -1.906957
-5.989400, 1.281167
7.610768, 3.326604
6.685541, 17.380142
28.863864, 2.121710

-0.833490, -0.535448
-0.524044, -0.792139
-0.783173, -1.260726
0.000000, 0.000000
-0.799098, -1.987081
-5.952484, 1.154841
7.647069, 3.269493
6.715713, 17.301337
28.913551, 2.053336

-0.773522, -0.616570
-0.416494, -0.723093
-0.607912, -1.324716
0.000000, 0.000000
-0.654875, -2.056962
-5.906676, 1.033910
7.691830, 3.217839
6.754440, 17.228010
28.971792, 1.990464

-0.705569, -0.691326
-0.369521, -0.628561
-0.428964, -1.363970
0.000000, 0.000000
-0.503062, -2.115709
-5.852557, 0.919239
7.744470, 3.172501
6.801141, 17.161024
29.038006, 1.933956

-0.630303, -0.758916
-0.397187, -0.543997
-0.249877, -1.378608
0.000000, 0.000000
-0.344617, -2.162507
-5.790795, 0.811632
7.804317, 3.134282
6.855145, 17.101180
29.111523, 1.884614

-0.548478, -0.818608
-0.487751, -0.517768
-0.074106, -1.369266
0.000000, 0.000000
-0.180585, -2.196632
-5.722146, 0.711822
7.870618, 3.103912
6.915698, 17.049208
29.191587, 1.843168

-0.460926, -0.869752
-0.592632, -0.582604
0.095061, -1.337062
0.000000, 0.000000
-0.012094, -2.217461
-5.647441, 0.620464
7.942541, 3.082042
6.981967, 17.005761
29.277367, 1.810270

-0.368547, -0.911783
-0.653834, -0.726771
0.254575, -1.283577
0.000000, 0.000000
0.159659, -2.224478
-5.567577, 0.538122
8.019188, 3.069234
7.053055, 16.971401
29.367964, 1.786483

-0.272296, -0.944238
-0.641223, -0.908884
0.401683, -1.210805
0.000000, 0.000000
0.333418, -2.217286
-5.483511, 0.465265
8.099600, 3.065953
7.128003, 16.946593
29.462421, 1.772271

-0.173180, -0.966752
-0.554309, -1.089224
0.533992, -1.121107
0.000000, 0.000000
0.507882, -2.195612
-5.396248, 0.402259
8.182775, 3.072562
7.205807, 16.931700
29.559733, 1.767999

-0.072237, -0.979071
-0.406360, -1.241186
0.649520, -1.017155
0.000000, 0.000000
0.681717, -2.159314
-5.306827, 0.349361
8.267671, 3.089317
7.285428, 16.926978
29.658860, 1.773921

0.029468, -0.981051
-0.213970, -1.349122
0.746735, -0.901861
0.000000, 0.000000
0.853570, -2.108383
-5.216310, 0.306717
8.353225, 3.116358
7.365801, 16.932570
29.758739, 1.790180

0.130862, -0.972666
0.006499, -1.404171
0.824593, -0.778305
0.000000, 0.000000
1.022087, -2.042947
-5.125772, 0.274357
8.438364, 3.153714
7.445853, 16.948503
29.858296, 1.816805

0.230873, -0.954000
0.239312, -1.401499
0.882558, -0.649659
0.000000, 0.000000
1.185923, -1.963272
-5.036283, 0.252198
8.522016, 3.201298
7.524513, 16.974691
29.956458, 1.853708

0.328445, -0.925255
0.468645, -1.339045
0.920610, -0.519096
0.000000, 0.000000
1.343761, -1.869757
-4.948899, 0.240042
8.603126, 3.258909
7.600723, 17.010933
30.052171, 1.900689

0.422550, -0.886743
0.677505, -1.217524
0.939240, -0.389713
0.000000, 0.000000
1.494326, -1.762934
-4.864647, 0.237579
8.680665, 3.326235
7.673457, 17.056918
30.144406, 1.957436

0.512201, -0.838883
0.846676, -1.041842
0.939428, -0.264441
0.000000, 0.000000
1.636399, -1.643463
-4.784514, 0.244393
8.753647, 3.402856
7.741727, 17.112226
30.232176, 2.023530

0.596464, -0.782196
0.954596, -0.824548
0.922612, -0.145964
0.000000, 0.000000
1.768830, -1.512121
-4.709435, 0.259965
8.821136, 3.488250
7.804598, 17.176335
30.314547, 2.098449

0.674466, -0.717298
0.980876, -0.591639
0.890633, -0.036646
0.000000, 0.000000
1.890550, -1.369798
-4.640280, 0.283681
8.882262, 3.581801
7.861200, 17.248631
30.390646, 2.181579

0.745408, -0.644891
0.918709, -0.386617
0.845676, 0.061536
0.000000, 0.000000
2.000587, -1.217485
-4.577848, 0.314843
8.936226, 3.682807
7.910732, 17.328410
30.459674, 2.272215

0.808574, -0.565756
0.794419, -0.257952
0.790189, 0.147046
0.000000, 0.000000
2.098070, -1.056263
-4.522856, 0.352673
8.982310, 3.790487
7.952478, 17.414894
30.520915, 2.369580

0.863334, -0.480738
0.665685, -0.224240
0.726803, 0.218821
0.000000, 0.000000
2.182238, -0.887292
-4.475933, 0.396328
9.019886, 3.903995
7.985809, 17.507234
30.573740, 2.472825

0.909155, -0.390741
0.582983, -0.259862
0.658241, 0.276302
0.000000, 0.000000
2.252453, -0.711797
-4.437611, 0.444905
9.048420, 4.022425
8.010191, 17.604528
30.617615, 2.581048

0.945603, -0.296716
0.564069, -0.322599
0.587220, 0.319427
0.000000, 0.000000
2.308197, -0.531054
-4.408325, 0.497459
9.067479, 4.144830
8.025190, 17.705827
30.652106, 2.693299

0.972345, -0.199643
0.603059, -0.378808
0.516366, 0.348625
0.000000, 0.000000
2.349083, -0.346378
-4.388407, 0.553009
9.076730, 4.270224
8.030475, 17.810147
30.676880, 2.808595

0.989154, -0.100531
0.685464, -0.407819
0.448123, 0.364779
0.000000, 0.000000
2.374851, -0.159109
-4.378083, 0.610552
9.075947, 4.397603
8.025817, 17.916482
30.691710, 2.925930

0.995908, -0.000396
0.795545, -0.398132
0.384677, 0.369179
0.000000, 0.000000
2.385372, 0.029403
-4.377476, 0.669072
9.065006, 4.525947
8.011094, 18.023815
30.696475, 3.044287

0.992588, 0.099744
0.918276, -0.343671
0.327891, 0.363465
0.000000, 0.000000
2.380645, 0.217808
-4.386604, 0.727556
9.043890, 4.654239
7.986289, 18.131128
30.691154, 3.162647

0.979278, 0.198881
1.039155, -0.241619
0.279248, 0.349551
0.000000, 0.000000
2.360795, 0.404775
-4.405382, 0.784996
9.012683, 4.781470
7.951484, 18.237412
30.675834, 3.280003

0.956163, 0.296027
1.143274, -0.091652
0.239821, 0.329549
0.000000, 0.000000
2.326072, 0.588996
-4.433628, 0.840409
8.971568, 4.906652
7.906863, 18.341681
30.650696, 3.395366

0.923519, 0.390224
1.214186, 0.103565
0.210245, 0.305689
0.000000, 0.000000
2.276841, 0.769203
-4.471061, 0.892838
8.920825, 5.028827
7.852707, 18.442975
30.616020, 3.507780

0.881719, 0.480553
1.233021, 0.336282
0.190719, 0.280234
0.000000, 0.000000
2.213579, 0.944177
-4.517312, 0.941368
8.860824, 5.147074
7.789384, 18.540377
30.572176, 3.616324

0.831218, 0.566140
1.179261, 0.589254
0.181005, 0.255402
0.000000, 0.000000
2.136869, 1.112757
-4.571925, 0.985127
8.792021, 5.260521
7.717350, 18.633011
30.519620, 3.720125

0.772551, 0.646166
1.036998, 0.829625
0.180462, 0.233290
0.000000, 0.000000
2.047391, 1.273851
-4.634363, 1.023298
8.714952, 5.368348
7.637142, 18.720059
30.458888, 3.818364

0.706328, 0.719872
0.811425, 1.008960
0.188072, 0.215811
0.000000, 0.000000
1.945915, 1.426438
-4.704017, 1.055126
8.630226, 5.469795
7.549368, 18.800763
30.390589, 3.910282

0.633223, 0.786567
0.544872, 1.085983
0.202487, 0.204628
0.000000, 0.000000
1.833291, 1.569582
-4.780213, 1.079921
8.538519, 5.564169
7.454704, 18.874430
30.315397, 3.995187

0.553973, 0.845627
0.298853, 1.060410
0.222084, 0.201111
0.000000, 0.000000
1.710444, 1.702433
-4.862214, 1.097064
8.440567, 5.650850
7.353885, 18.940438
30.234049, 4.072457

0.469365, 0.896510
0.113296, 0.968807
0.245016, 0.206295
0.000000, 0.000000
1.578361, 1.824233
-4.949234, 1.106013
8.337155, 5.729291
7.247699, 18.998242
30.147332, 4.141548

0.380229, 0.938747
-0.003907, 0.852282
0.269278, 0.220850
0.000000, 0.000000
1.438083, 1.934320
-5.040440, 1.106304
8.229118, 5.799026
7.136977, 19.047377
30.056078, 4.201992

0.287437, 0.971956
-0.062165, 0.739888
0.292773, 0.245065
0.000000, 0.000000
1.290697, 2.032133
-5.134963, 1.097556
8.117324, 5.859670
7.022588, 19.087458
29.961155, 4.253407

0.191886, 0.995837
-0.075841, 0.648965
0.313371, 0.278838
0.000000, 0.000000
1.137327, 2.117210
-5.231905, 1.079473
8.002672, 5.910925
6.905432, 19.118186
29.863462, 4.295493

0.094496, 1.010179
-0.059462, 0.589383
0.328979, 0.321674
0.000000, 0.000000
0.979123, 2.189195
-5.330345, 1.051844
7.886082, 5.952577
6.786428, 19.139350
29.763921, 4.328037

-0.003799, 1.014855
-0.026859, 0.566689
0.337601, 0.372702
0.000000, 0.000000
0.817252, 2.247834
-5.429350, 1.014548
7.768489, 5.984501
6.666511, 19.150823
29.663464, 4.350916

-0.102057, 1.009829
0.008255, 0.583685
0.337402, 0.430686
0.000000, 0.000000
0.652892, 2.292980
-5.527978, 0.967550
7.650833, 6.006660
6.546621, 19.152568
29.563032, 4.364091

-0.199339, 0.995152
0.031237, 0.640711
0.326765, 0.494060
0.000000, 0.000000
0.487220, 2.324587
-5.625291, 0.910903
7.534054, 6.019105
6.427697, 19.144638
29.463564, 4.367614

-0.294717, 0.970963
0.025388, 0.734596
0.304344, 0.560959
0.000000, 0.000000
0.321403, 2.342715
-5.720359, 0.844750
7.419082, 6.021973
6.310670, 19.127171
29.365992, 4.361624

-0.387275, 0.937488
-0.028555, 0.855741
0.269114, 0.629265
0.000000, 0.000000
0.156593, 2.347524
-5.812269, 0.769318
7.306830, 6.015491
6.196453, 19.100392
29.271227, 4.346346

-0.476125, 0.895036
-0.150170, 0.982776
0.220416, 0.696658
0.000000, 0.000000
-0.006085, 2.339272
-5.900130, 0.684921
7.198189, 5.999967
6.085935, 19.064611
29.180159, 4.322090

-0.560409, 0.844001
-0.349480, 1.077180
0.157986, 0.760677
0.000000, 0.000000
-0.165538, 2.318316
-5.983086, 0.591953
7.094017, 5.975795
5.979974, 19.020222
29.093647, 4.289250

-0.639308, 0.784856
-0.607653, 1.090261
0.081991, 0.818782
0.000000, 0.000000
-0.320716, 2.285104
-6.060317, 0.490891
6.995132, 5.943447
5.879390, 18.967698
29.012509, 4.248299

-0.712048, 0.718150
-0.870366, 0.994814
-0.006960, 0.868425
0.000000, 0.000000
-0.470619, 2.240174
-6.131051, 0.382286
6.902308, 5.903472
5.784956, 18.907587
28.937519, 4.199785

-0.777908, 0.644507
-1.080450, 0.809086
-0.107808, 0.907125
0.000000, 0.000000
-0.614303, 2.184148
-6.194566, 0.266766
6.816267, 5.856494
5.697393, 18.840514
28.869397, 4.144333

-0.836229, 0.564617
-1.211315, 0.576111
-0.219048, 0.932549
0.000000, 0.000000
-0.750888, 2.117729
-6.250203, 0.145022
6.737668, 5.803203
5.617360, 18.767170
28.808805, 4.082633

-0.886414, 0.479236
-1.263922, 0.334264
-0.338753, 0.942582
0.000000, 0.000000
-0.879566, 2.041692
-6.297367, 0.017813
6.667107, 5.744353
5.545454, 18.688308
28.756336, 4.015440

-0.927944, 0.389175
-1.250919, 0.108815
-0.464600, 0.935412
0.000000, 0.000000
-0.999605, 1.956880
-6.335536, -0.114047
6.605107, 5.680755
5.482196, 18.604741
28.712513, 3.943566

-0.960372, 0.295298
-1.187468, -0.085105
-0.593923, 0.909595
0.000000, 0.000000
-1.110359, 1.864196
-6.364266, -0.249691
6.552111, 5.613274
5.428029, 18.517333
28.677779, 3.867875

-0.983340, 0.198513
-1.088386, -0.238476
-0.723773, 0.864122
0.000000, 0.000000
-1.211269, 1.764597
-6.383199, -0.388210
6.508479, 5.542817
5.383315, 18.426991
28.652496, 3.789274

-0.996575, 0.099764
-0.968019, -0.345876
-0.850991, 0.798474
0.000000, 0.000000
-1.301872, 1.659083
-6.392061, -0.528656
6.474484, 5.470326
5.348324, 18.334660
28.636934, 3.708708

-0.999899, 0.000024
-0.841062, -0.404440
-0.972291, 0.712661
0.000000, 0.000000
-1.381804, 1.548691
-6.390675, -0.670054
6.450305, 5.396776
5.323237, 18.241313
28.631273, 3.627149

-0.993229, -0.099716
-0.723677, -0.414054
-1.084356, 0.607248
0.000000, 0.000000
-1.450801, 1.434484
-6.378959, -0.811410
6.436024, 5.323157
5.308134, 18.147940
28.635594, 3.545589

-0.976582, -0.198454
-0.634506, -0.379051
-1.183933, 0.483364
0.000000, 0.000000
-1.508706, 1.317541
-6.356930, -0.951719
6.431624, 5.250470
5.303000, 18.055545
28.649882, 3.465031

-0.950076, -0.295187
-0.594501, -0.312042
-1.267935, 0.342691
0.000000, 0.000000
-1.555470, 1.198948
-6.324706, -1.089976
6.436989, 5.179718
5.307717, 17.965128
28.674017, 3.386475

-0.913931, -0.388924
-0.622452, -0.239942
-1.333538, 0.187434
0.000000, 0.000000
-1.591149, 1.079785
-6.282506, -1.225188
6.451899, 5.111891
5.322065, 17.877682
28.707782, 3.310914

-0.868466, -0.478694
-0.720936, -0.206774
-1.378270, 0.020274
0.000000, 0.000000
-1.615910, 0.961117
-6.230653, -1.356382
6.476033, 5.047960
5.345724, 17.794177
28.750855, 3.239318

-0.814104, -0.563559
-0.857494, -0.257226
-1.400094, -0.155694
0.000000, 0.000000
-1.630023, 0.843982
-6.169568, -1.482615
6.508970, 4.988863
5.378271, 17.715552
28.802814, 3.172626

-0.751363, -0.642623
-0.972547, -0.401213
-1.397476, -0.337043
0.000000, 0.000000
-1.633862, 0.729379
-6.099770, -1.602990
6.550192, 4.935496
5.419189, 17.642703
28.863141, 3.111734

-0.680855, -0.715043
-1.020003, -0.606605
-1.369437, -0.520101
0.000000, 0.000000
-1.627902, 0.618261
-6.021871, -1.716661
6.599087, 4.888701
5.467866, 17.576472
28.931225, 3.057485

-0.603281, -0.780040
-0.986986, -0.829704
-1.315588, -0.701044
0.000000, 0.000000
-1.612711, 0.511517
-5.936572, -1.822847
6.654955, 4.849257
5.523602, 17.517639
29.006364, 3.010657

-0.519421, -0.836909
-0.881923, -1.037196
-1.236148, -0.876003
0.000000, 0.000000
-1.588943, 0.409969
-5.844655, -1.920839
6.717015, 4.817867
5.585614, 17.466908
29.087778, 2.971955

-0.430131, -0.885028
-0.720418, -1.208438
-1.131942, -1.041160
0.000000, 0.000000
-1.557334, 0.314359
-5.746977, -2.010015
6.784411, 4.795155
5.653048, 17.424901
29.174610, 2.942002

-0.336332, -0.923867
-0.518963, -1.331392
-1.004384, -1.192847
0.000000, 0.000000
-1.518687, 0.225339
-5.644457, -2.089840
6.856225, 4.781649
5.724983, 17.392149
29.265942, 2.921327

-0.238998, -0.952994
-0.293435, -1.399119
-0.855444, -1.327639
0.000000, 0.000000
-1.473868, 0.143467
-5.538071, -2.159880
6.931480, 4.777782
5.800445, 17.369084
29.360798, 2.910364

-0.139146, -0.972082
-0.059448, -1.407859
-0.687600, -1.442436
0.000000, 0.000000
-1.423791, 0.069200
-5.428837, -2.219806
7.009161, 4.783880
5.878417, 17.356033
29.458160, 2.909438

-0.037827, -0.980913
0.166688, -1.356469
-0.503777, -1.534536
0.000000, 0.000000
-1.369405, 0.002887
-5.317806, -2.269398
7.088217, 4.800160
5.957848, 17.353212
29.556979, 2.918767

0.063891, -0.979385
0.366840, -1.247136
-0.307282, -1.601696
0.000000, 0.000000
-1.311686, -0.055234
-5.206046, -2.308549
7.167581, 4.826725
6.037671, 17.360725
29.656186, 2.938454

0.164935, -0.967506
0.520308, -1.087780
-0.101725, -1.642186
0.000000, 0.000000
-1.251620, -0.105036
-5.094633, -2.337268
7.246177, 4.863564
6.116810, 17.378563
29.754708, 2.968490

0.264235, -0.945404
0.605119, -0.896855
0.109060, -1.654818
0.000000, 0.000000
-1.190192, -0.146505
-4.984635, -2.355677
7.322939, 4.910552
6.194198, 17.406600
29.851476, 3.008749

0.360745, -0.913316
0.605616, -0.709339
0.321098, -1.638980
0.000000, 0.000000
-1.128373, -0.179736
-4.877101, -2.364013
7.396819, 4.967450
6.268787, 17.444596
29.945442, 3.058992

0.453448, -0.871591
0.530322, -0.574340
0.530362, -1.594640
0.000000, 0.000000
-1.067105, -0.204935
-4.773046, -2.362622
7.466802, 5.033909
6.339563, 17.492204
30.035591, 3.118870

0.541375, -0.820685
0.425048, -0.528522
0.732854, -1.522350
0.000000, 0.000000
-1.007291, -0.222408
-4.673442, -2.351955
7.531918, 5.109472
6.405554, 17.548968
30.120953, 3.187928

0.623611, -0.761150
0.348736, -0.565084
0.924689, -1.423232
0.000000, 0.000000
-0.949785, -0.232560
-4.579204, -2.332566
7.591252, 5.193587
6.465846, 17.614334
30.200612, 3.265613

0.699308, -0.693633
0.334543, -0.644897
1.102175, -1.298961
0.000000, 0.000000
-0.895378, -0.235887
-4.491180, -2.305096
7.643956, 5.285607
6.519591, 17.687657
30.273722, 3.351279

0.767693, -0.618864
0.385083, -0.728459
1.261893, -1.151726
0.000000, 0.000000
-0.844790, -0.232962
-4.410144, -2.270273
7.689260, 5.384802
6.566016, 17.768208
30.339510, 3.444197

0.828080, -0.537645
0.488076, -0.789130
1.400764, -0.984189
0.000000, 0.000000
-0.798664, -0.224436
-4.336785, -2.228897
7.726475, 5.490368
6.604435, 17.855182
30.397288, 3.543562

0.879870, -0.450844
0.627469, -0.811531
1.516115, -0.799435
0.000000, 0.000000
-0.757558, -0.211016
-4.271699, -2.181834
7.755004, 5.601438
6.634250, 17.947712
30.446458, 3.648507

0.922563, -0.359381
0.787414, -0.787318
1.605742, -0.600912
0.000000, 0.000000
-0.721935, -0.193463
-4.215389, -2.130001
7.774347, 5.717092
6.654961, 18.044879
30.486522, 3.758114

0.955760, -0.264217
0.952817, -0.712268
1.667955, -0.392355
0.000000, 0.000000
-0.692168, -0.172577
-4.168255, -2.074358
7.784104, 5.836366
6.666167, 18.145720
30.517077, 3.871419

0.979163, -0.166345
1.108663, -0.584904
1.701619, -0.177717
0.000000, 0.000000
-0.668530, -0.149186
-4.130595, -2.015893
7.783979, 5.958270
6.667572, 18.249245
30.537828, 3.987431

0.992581, -0.066776
1.238937, -0.406379
1.706187, 0.038916
0.000000, 0.000000
-0.651196, -0.124137
-4.102603, -1.955615
7.773780, 6.081791
6.658983, 18.354441
30.548583, 4.105139

0.995926, 0.033472
1.325543, -0.181754
1.681716, 0.253416
0.000000, 0.000000
-0.640240, -0.098280
-4.084364, -1.894541
7.753420, 6.205911
6.640315, 18.460290
30.549255, 4.223524

0.989215, 0.133382
1.348014, 0.076756
1.628872, 0.461702
0.000000, 0.000000
-0.635642, -0.072463
-4.075866, -1.833683
7.722916, 6.329613
6.611582, 18.565776
30.539859, 4.341571

0.972565, 0.231954
1.286536, 0.344139
1.548919, 0.659833
0.000000, 0.000000
-0.637285, -0.047516
-4.076990, -1.774043
7.682386, 6.451896
6.572903, 18.669897
30.520514, 4.458277

0.946193, 0.328208
1.133424, 0.577956
1.443699, 0.844102
0.000000, 0.000000
-0.644961, -0.024246
-4.087520, -1.716594
7.632047, 6.571779
6.524495, 18.771675
30.491435, 4.572664

0.910410, 0.421198
0.912750, 0.728803
1.315586, 1.011124
0.000000, 0.000000
-0.658373, -0.003426
-4.107149, -1.662282
7.572208, 6.688317
6.466667, 18.870163
30.452934, 4.683785

0.865614, 0.510019
0.681773, 0.774282
1.167434, 1.157919
0.000000, 0.000000
-0.677144, 0.014215
-4.135477, -1.612009
7.503270, 6.800605
6.399819, 18.964457
30.405410, 4.790736

0.812289, 0.593816
0.494145, 0.737052
1.002509, 1.281987
0.000000, 0.000000
-0.700819, 0.027996
-4.172021, -1.566627
7.425717, 6.907786
6.324435, 19.053701
30.349347, 4.892662

0.750996, 0.671789
0.371335, 0.659364
0.824403, 1.381367
0.000000, 0.000000
-0.728874, 0.037295
-4.216222, -1.526935
7.340110, 7.009060
6.241076, 19.137095
30.285304, 4.988762

0.682369, 0.743202
0.309759, 0.576211
0.636946, 1.454685
0.000000, 0.000000
-0.760719, 0.041554
-4.267448, -1.493666
7.247082, 7.103691
6.150375, 19.213902
30.213916, 5.078299

0.607102, 0.807384
0.296196, 0.509573
0.444101, 1.501186
0.000000, 0.000000
-0.795712, 0.040280
-4.325003, -1.467487
7.147329, 7.191009
6.053027, 19.283454
30.135878, 5.160605

0.525950, 0.863740
0.315778, 0.471976
0.249864, 1.520740
0.000000, 0.000000
-0.833158, 0.033058
-4.388136, -1.448993
7.041605, 7.270417
5.949786, 19.345154
30.051944, 5.235084

0.439716, 0.911752
0.354242, 0.470350
0.058154, 1.513839
0.000000, 0.000000
-0.872325, 0.019545
-4.456044, -1.438699
6.930715, 7.341396
5.841456, 19.398483
29.962917, 5.301216

0.349245, 0.950979
0.397843, 0.508310
-0.127282, 1.481570
0.000000, 0.000000
-0.912444, -0.000518
-4.527882, -1.437041
6.815503, 7.403508
5.728882, 19.443003
29.869642, 5.358562

0.255418, 0.981068
0.432454, 0.587027
-0.302968, 1.425567
0.000000, 0.000000
-0.952724, -0.027309
-4.602772, -1.444374
6.696849, 7.456395
5.612945, 19.478357
29.773001, 5.406768

0.159141, 1.001748
0.442437, 0.704836
-0.465782, 1.347956
0.000000, 0.000000
-0.992355, -0.060921
-4.679808, -1.460964
6.575662, 7.499789
5.494551, 19.504277
29.673898, 5.445564

0.061341, 1.012835
0.409694, 0.855288
-0.613023, 1.251279
0.000000, 0.000000
-1.030517, -0.101364
-4.758066, -1.486992
6.452867, 7.533506
5.374625, 19.520579
29.573261, 5.474766

-0.037047, 1.014235
0.314208, 1.022952
-0.742466, 1.138411
0.000000, 0.000000
-1.066392, -0.148559
-4.836608, -1.522551
6.329401, 7.557449
5.254105, 19.527168
29.472026, 5.494278

-0.135081, 1.005940
0.139606, 1.177289
-0.852402, 1.012475
0.000000, 0.000000
-1.099165, -0.202345
-4.914497, -1.567646
6.206206, 7.571612
5.133933, 19.524036
29.371135, 5.504095

-0.231823, 0.988032
-0.111185, 1.271542
-0.941660, 0.876746
0.000000, 0.000000
-1.128037, -0.262473
-4.990795, -1.622194
6.084219, 7.576075
5.015044, 19.511264
29.271524, 5.504296

-0.326350, 0.960678
-0.398660, 1.263221
-1.009608, 0.734562
0.000000, 0.000000
-1.152234, -0.328613
-5.064579, -1.686024
5.964365, 7.571006
4.898364, 19.489022
29.174118, 5.495051

-0.417754, 0.924133
-0.661077, 1.148903
-1.056145, 0.589237
0.000000, 0.000000
-1.171008, -0.400353
-5.134944, -1.758879
5.847551, 7.556659
4.784800, 19.457562
29.079824, 5.476613

-0.505155, 0.878736
-0.855608, 0.964175
-1.081676, 0.443976
0.000000, 0.000000
-1.183652, -0.477202
-5.201011, -1.840418
5.734657, 7.533372
4.675231, 19.417224
28.989521, 5.449320

-0.587709, 0.824906
-0.972108, 0.751632
-1.087079, 0.301804
0.000000, 0.000000
-1.189503, -0.558593
-5.261936, -1.930220
5.626529, 7.501566
4.570503, 19.368428
28.904055, 5.413594

-0.664611, 0.763143
-1.019185, 0.542346
-1.073654, 0.165497
0.000000, 0.000000
-1.187951, -0.643889
-5.316917, -2.027782
5.523971, 7.461739
4.471420, 19.311673
28.824230, 5.369934

-0.735105, 0.694023
-1.011191, 0.355358
-1.043074, 0.037531
0.000000, 0.000000
-1.178444, -0.732385
-5.365197, -2.132526
5.427740, 7.414466
4.378738, 19.247535
28.750803, 5.318914

-0.798489, 0.618191
-0.962920, 0.201890
-0.997323, -0.079967
0.000000, 0.000000
-1.160499, -0.823313
-5.406078, -2.243805
5.338538, 7.360393
4.293159, 19.176659
28.684474, 5.261181

-0.854125, 0.536361
-0.888543, 0.088619
-0.938636, -0.185251
0.000000, 0.000000
-1.133704, -0.915850
-5.438921, -2.360902
5.257003, 7.300233
4.215321, 19.099759
28.625883, 5.197448

-0.901442, 0.449307
-0.802115, 0.019371
-0.869429, -0.276983
0.000000, 0.000000
-1.097727, -1.009121
-5.463158, -2.483041
5.183707, 7.234760
4.145795, 19.017610
28.575600, 5.128491

-0.939943, 0.357861
-0.718599, -0.004499
-0.792238, -0.354245
0.000000, 0.000000
-1.052318, -1.102210
-5.478293, -2.609389
5.119146, 7.164805
4.085079, 18.931042
28.534122, 5.055138

-0.969213, 0.262899
-0.655000, 0.014964
-0.709647, -0.416547
0.000000, 0.000000
-0.997322, -1.194165
-5.483911, -2.739065
5.063737, 7.091245
4.033587, 18.840933
28.501864, 4.978270

-0.988919, 0.165345
-0.630974, 0.069579
-0.624224, -0.463821
0.000000, 0.000000
-0.932672, -1.284006
-5.479683, -2.871146
5.017811, 7.015003
3.991650, 18.748206
28.479158, 4.898807

-0.998823, 0.066153
-0.666961, 0.139872
-0.538462, -0.496409
0.000000, 0.000000
-0.858405, -1.370737
-5.465370, -3.004674
4.981609, 6.937032
3.959511, 18.653814
28.466245, 4.817704

-0.998777, -0.033698
-0.775168, 0.189391
-0.454710, -0.515041
0.000000, 0.000000
-0.774655, -1.453353
-5.440826, -3.138667
4.955278, 6.858311
3.937314, 18.558738
28.463271, 4.735942

-0.988731, -0.133211
-0.940671, 0.169912
-0.375123, -0.520805
0.000000, 0.000000
-0.681661, -1.530850
-5.406003, -3.272127
4.938867, 6.779838
3.925110, 18.463974
28.470284, 4.654515

-0.968737, -0.231382
-1.112204, 0.051428
-0.301605, -0.515112
0.000000, 0.000000
-0.579767, -1.602238
-5.360955, -3.404048
4.932327, 6.702615
3.922847, 18.370526
28.487236, 4.574429

-0.938947, -0.327213
-1.231983, -0.151003
-0.235763, -0.499649
0.000000, 0.000000
-0.469422, -1.666550
-5.305834, -3.533429
4.935505, 6.627641
3.930374, 18.279392
28.513973, 4.496681

-0.899614, -0.419717
-1.271439, -0.394764
-0.178866, -0.476328
0.000000, 0.000000
-0.351176, -1.722851
-5.240895, -3.659282
4.948147, 6.555901
3.947438, 18.191558
28.550241, 4.422259

-0.851093, -0.507934
-1.230818, -0.640276
-0.131814, -0.447226
0.000000, 0.000000
-0.225683, -1.770256
-5.166495, -3.780643
4.969901, 6.488356
3.973682, 18.107986
28.595687, 4.352122

-0.793839, -0.590938
-1.123234, -0.861104
-0.095111, -0.414525
0.000000, 0.000000
-0.093693, -1.807935
-5.083090, -3.896585
5.000310, 6.425931
4.008652, 18.029601
28.649855, 4.287196

-0.728403, -0.667850
-0.964810, -1.041414
-0.068852, -0.380437
0.000000, 0.000000
0.043949, -1.835126
-4.991233, -4.006227
5.038825, 6.369506
4.051799, 17.957282
28.712194, 4.228361

-0.655426, -0.737847
-0.771424, -1.171873
-0.052723, -0.347137
0.000000, 0.000000
0.186316, -1.851147
-4.891566, -4.108744
5.084804, 6.319901
4.102480, 17.891851
28.782063, 4.176438

-0.575637, -0.800174
-0.558444, -1.247001
-0.046009, -0.316690
0.000000, 0.000000
0.332399, -1.855405
-4.784820, -4.203378
5.137519, 6.277873
4.159966, 17.834064
28.858732, 4.132184

-0.489844, -0.854154
-0.341490, -1.264017
-0.047617, -0.290976
0.000000, 0.000000
0.481122, -1.847407
-4.671805, -4.289450
5.196162, 6.244099
4.223449, 17.784599
28.941396, 4.096276

-0.398925, -0.899194
-0.137524, -1.222933
-0.056115, -0.271628
0.000000, 0.000000
0.631349, -1.826764
-4.553399, -4.366365
5.259856, 6.219170
4.292053, 17.744047
29.029174, 4.069305

-0.303820, -0.934796
0.034112, -1.128096
-0.069777, -0.259965
0.000000, 0.000000
0.781897, -1.793202
-4.430544, -4.433623
5.327661, 6.203585
4.364836, 17.712907
29.121128, 4.051771

-0.205518, -0.960563
0.151699, -0.991812
-0.086650, -0.256943
0.000000, 0.000000
0.931547, -1.746570
-4.304233, -4.490826
5.398588, 6.197739
4.440809, 17.691576
29.216267, 4.044070

-0.105050, -0.976205
0.195061, -0.840262
-0.104618, -0.263113
0.000000, 0.000000
1.079060, -1.686838
-4.175496, -4.537680
5.471606, 6.201924
4.518942, 17.680343
29.313561, 4.046493

-0.003474, -0.981542
0.158710, -0.717067
-0.121489, -0.278599
0.000000, 0.000000
1.223187, -1.614104
-4.045394, -4.574004
5.545659, 6.216317
4.598177, 17.679390
29.411953, 4.059218

0.098139, -0.976509
0.071177, -0.669063
-0.135071, -0.303078
0.000000, 0.000000
1.362687, -1.528595
-3.914998, -4.599730
5.619675, 6.240986
4.677443, 17.688780
29.510371, 4.082312

0.198715, -0.961155
-0.009392, -0.711051
-0.143262, -0.335798
0.000000, 0.000000
1.496337, -1.430665
-3.785386, -4.614907
5.692580, 6.275878
4.755665, 17.708464
29.607740, 4.115725

0.297191, -0.935645
-0.034865, -0.814491
-0.144131, -0.375591
0.000000, 0.000000
1.622952, -1.320791
-3.657621, -4.619695
5.763312, 6.320831
4.831781, 17.738280
29.702999, 4.159292

0.392528, -0.900254
0.009849, -0.936535
-0.135994, -0.420917
0.000000, 0.000000
1.741393, -1.199575
-3.532744, -4.614370
5.830834, 6.375568
4.904752, 17.777949
29.795110, 4.212738

0.483726, -0.855368
0.117242, -1.043821
-0.117483, -0.469913
0.000000, 0.000000
1.850582, -1.067728
-3.411757, -4.599314
5.894143, 6.439703
4.973578, 17.827087
29.883069, 4.275678

0.569832, -0.801476
0.271870, -1.115900
-0.087597, -0.520461
0.000000, 0.000000
1.949516, -0.926073
-3.295616, -4.575014
5.952288, 6.512747
5.037306, 17.885205
29.965925, 4.347622

0.649951, -0.739164
0.457241, -1.141291
-0.045752, -0.570262
0.000000, 0.000000
2.037276, -0.775529
-3.185216, -4.542055
6.004375, 6.594113
5.095040, 17.951717
30.042784, 4.427984

0.723260, -0.669106
0.657574, -1.113837
0.008199, -0.616913
0.000000, 0.000000
2.113039, -0.617103
-3.081381, -4.501108
6.049581, 6.683127
5.145960, 18.025948
30.112823, 4.516090

0.789016, -0.592060
0.857536, -1.030639
0.073954, -0.657990
0.000000, 0.000000
2.176083, -0.451881
-2.984858, -4.452929
6.087162, 6.779032
5.189319, 18.107142
30.175297, 4.611183

0.846559, -0.508850
1.041308, -0.891378
0.150765, -0.691130
0.000000, 0.000000
2.225798, -0.281012
-2.896308, -4.398342
6.116460, 6.881002
5.224460, 18.194473
30.229547, 4.712438

0.895325, -0.420363
1.191453, -0.698893
0.237454, -0.714109
0.000000, 0.000000
2.261689, -0.105700
-2.816297, -4.338230
6.136911, 6.988150
5.250818, 18.287055
30.275010, 4.818967

0.934847, -0.327536
1.288091, -0.461409
0.332453, -0.724911
0.000000, 0.000000
2.283380, 0.072812
-2.745293, -4.273527
6.148048, 7.099539
5.267926, 18.383951
30.311218, 4.929836

0.964759, -0.231340
1.309892, -0.197105
0.433837, -0.721798
0.000000, 0.000000
2.290619, 0.253256
-2.683665, -4.205206
6.149505, 7.214198
5.275419, 18.484189
30.337805, 5.044071

0.984800, -0.132777
1.240902, 0.059801
0.539380, -0.703359
0.000000, 0.000000
2.283276, 0.434346
-2.631674, -4.134263
6.141023, 7.331125
5.273034, 18.586769
30.354511, 5.160672

0.994814, -0.032861
1.087660, 0.260069
0.646617, -0.668556
0.000000, 0.000000
2.261341, 0.614796
-2.589481, -4.061712
6.122444, 7.449305
5.260617, 18.690675
30.361178, 5.278624

0.994748, 0.067389
0.894075, 0.363901
0.752901, -0.616761
0.000000, 0.000000
2.224929, 0.793332
-2.557138, -3.988570
6.093717, 7.567718
5.238114, 18.794889
30.357755, 5.396908

0.984654, 0.166961
0.720703, 0.373719
0.855473, -0.547778
0.000000, 0.000000
2.174268, 0.968700
-2.534597, -3.915847
6.054893, 7.685354
5.205577, 18.898398
30.344292, 5.514512

0.964683, 0.264858
0.604604, 0.326906
0.951535, -0.461854
0.000000, 0.000000
2.109703, 1.139680
-2.521708, -3.844537
6.006125, 7.801214
5.163157, 19.000207
30.320943, 5.630440

